2025-04-14 16:07:05 -1.06645 -1.39003 0.637609 0.687777 -6.14078 45.6258 5.72958
2025-04-14 16:07:15 -1.09497 -1.26028 0.728183 0.664938 -6.28118 38.4814 11.4592
2025-04-14 16:07:31 -1.1575 -1.43744 1.11121 0.944425 -6.24743 39.815 40.107
2025-04-14 16:08:39 -0.172024 -1.13367 0.562358 0.672781 -6.4759 82.0999 11.045
2025-04-14 16:09:58 -0.38347 0.736212 1.05103 0.560097 -6.75492 -50.5811 55.1507
2025-04-14 16:11:11 0.898862 -0.486006 0.906705 0.998284 -6.10642 116.208 45.6526
2025-04-14 16:12:26 -0.649156 0.744025 0.765845 0.985306 -6.65918 -33.075 30.586
2025-04-14 16:13:41 1.23688 0.138713 0.972925 0.196838 -6.1922 -156.989 49.6753
2025-04-14 16:15:12 -1.03282 0.984132 0.71418 0.913202 -6.56467 -37.9041 19.6417
2025-04-14 16:16:47 1.36663 -0.288574 1.02098 0.597244 -6.2316 151.569 45.4599
2025-04-14 16:18:09 -0.841878 0.646062 0.769261 1.01666 -6.74665 -17.1198 15.5636
2025-04-14 16:19:14 -1.0503 0.744392 0.771805 0.695492 -6.97032 -37.5661 24.6609
2025-04-14 16:20:23 -0.632777 0.767504 0.780524 0.574475 -6.81132 -53.2336 30.4618
2025-04-14 16:21:30 -0.596719 0.732054 0.719733 0.84 -6.68275 -44.3495 32.3203
2025-04-14 16:22:45 -0.598296 0.748049 0.740859 0.278008 -6.5163 -41.7506 32.9222
