-0.7067278719139712 -0.08811847567095381 1.401637476894258 -0.290708 0.1925796296650543 -0.005073811761887676
-0.6407505047464831 -0.1876395061577411 1.401637476894258 -0.290708 0.1925796296650543 -0.005073811761887676
-0.5747731375789948 -0.2871605366445284 1.401637476894258 -0.290708 0.1925796296650543 -0.005073811761887676
-0.5087957704115067 -0.38668156713131574 1.401637476894258 -0.290708 0.1925796296650543 -0.005073811761887676
-0.44281840324401855 -0.486202597618103 1.401637476894258 -0.290708 0.1925796296650543 -0.005073811761887676
-0.44281840324401855 -0.486202597618103 1.401637476894258 -0.290708 0.1925796296650543 -0.005073811761887676
-0.44281840324401855 -0.486202597618103 1.4262281076706935 -0.290708 0.20703522313046263 0.12667201001021877
-0.44281840324401855 -0.486202597618103 1.4508187384471292 -0.290708 0.22149081659587094 0.2584178317823252
-0.44281840324401855 -0.486202597618103 1.4754093692235646 -0.290708 0.23594641006127928 0.3901636535544316
-0.44281840324401855 -0.486202597618103 1.5 -0.290708 0.2504020035266876 0.5219094753265381
