-1.1156711476441452 -1.4014980349289694 1.0669548053057618 0.0 0.5909609798094964 0.6949028416815423
-1.1156711476441452 -1.4014980349289694 1.6334774026528809 0.0 0.5909609798094964 0.6949028416815423
-1.1156711476441452 -1.4014980349289694 2.2 0.0 0.5909609798094964 0.6949028416815423
-1.1156711476441452 -1.4014980349289694 2.2 0.0 0.5909609798094964 0.6949028416815423
0.1166644261779275 -1.0204858627044817 2.2 0.0 0.5909609798094964 0.6949028416815423
1.3490000000000002 -0.6394736904799939 2.2 0.0 0.5909609798094964 0.6949028416815423
1.3490000000000002 -0.6394736904799939 2.2 0.0 0.5909609798094964 0.6949028416815423
1.3490000000000002 -0.6394736904799939 1.892982460319996 0.0 0.6267033026561719 1.4049982817684454
1.3490000000000002 -0.6394736904799939 1.585964920639992 0.0 0.6624456255028474 2.1150937218553487
1.3490000000000002 -0.6394736904799939 1.2789473809599878 0.0 0.6981879483495229 2.8251891619422516
