-0.7038313862774545 -0.08030005162918193 1.4254413406829576 -0.303538 0.22509336830045668 -0.0606669466676221
-0.7244099316815863 -0.0759523500946434 1.4254413406829576 -0.303538 0.22509336830045668 -0.0606669466676221
-0.7449884770857182 -0.07160464856010487 1.4254413406829576 -0.303538 0.22509336830045668 -0.0606669466676221
-0.7655670224898501 -0.06725694702556635 1.4254413406829576 -0.303538 0.22509336830045668 -0.0606669466676221
-0.7861455678939819 -0.06290924549102783 1.4254413406829576 -0.303538 0.22509336830045668 -0.0606669466676221
-0.7861455678939819 -0.06290924549102783 1.4254413406829576 -0.303538 0.22509336830045668 -0.0606669466676221
-0.7861455678939819 -0.06290924549102783 1.4440810055122182 -0.303538 0.2752659124200485 -0.08137105636163844
-0.7861455678939819 -0.06290924549102783 1.4627206703414788 -0.303538 0.32543845653964026 -0.10207516605565478
-0.7861455678939819 -0.06290924549102783 1.4813603351707394 -0.303538 0.37561100065923203 -0.12277927574967111
-0.7861455678939819 -0.06290924549102783 1.5 -0.303538 0.42578354477882385 -0.14348338544368744
