0.6355936481812444 0.6075382146946431 1.14599739116861 0.0 32.99226 -139.906
0.6866226733111556 0.6075382146946431 1.14599739116861 0.0 32.99226 -139.906
0.7376516984410667 0.6075382146946431 1.14599739116861 0.0 32.99226 -139.906
0.7886807235709778 0.6075382146946431 1.14599739116861 0.0 32.99226 -139.906
0.8397097487008889 0.6075382146946431 1.14599739116861 0.0 32.99226 -139.906
0.8907387738308 0.6075382146946431 1.14599739116861 0.0 32.99226 -139.906
0.9417677989607112 0.6075382146946431 1.14599739116861 0.0 32.99226 -139.906
0.9927968240906222 0.6075382146946431 1.14599739116861 0.0 32.99226 -139.906
1.0438258492205335 0.6075382146946431 1.14599739116861 0.0 32.99226 -139.906
1.0948548743504445 0.6075382146946431 1.14599739116861 0.0 32.99226 -139.906
1.1458838994803555 0.6075382146946431 1.14599739116861 0.0 32.99226 -139.906
1.1969129246102668 0.6075382146946431 1.14599739116861 0.0 32.99226 -139.906
1.247941949740178 0.6075382146946431 1.14599739116861 0.0 32.99226 -139.906
1.298970974870089 0.6075382146946431 1.14599739116861 0.0 32.99226 -139.906
1.35 0.6075382146946431 1.14599739116861 0.0 32.99226 -139.906
1.35 0.6075382146946431 1.14599739116861 0.0 32.99226 -139.906
1.35 0.6605711993593114 1.14599739116861 0.0 32.99226 -139.906
1.35 0.7136041840239798 1.14599739116861 0.0 32.99226 -139.906
1.35 0.7666371686886482 1.14599739116861 0.0 32.99226 -139.906
1.35 0.8196701533533165 1.14599739116861 0.0 32.99226 -139.906
1.35 0.8727031380179848 1.14599739116861 0.0 32.99226 -139.906
1.35 0.9257361226826533 1.14599739116861 0.0 32.99226 -139.906
1.35 0.9787691073473216 1.14599739116861 0.0 32.99226 -139.906
1.35 1.03180209201199 1.14599739116861 0.0 32.99226 -139.906
1.35 1.0848350766766583 1.14599739116861 0.0 32.99226 -139.906
1.35 1.1378680613413268 1.14599739116861 0.0 32.99226 -139.906
1.35 1.190901046005995 1.14599739116861 0.0 32.99226 -139.906
1.35 1.2439340306706634 1.14599739116861 0.0 32.99226 -139.906
1.35 1.2969670153353317 1.14599739116861 0.0 32.99226 -139.906
1.35 1.35 1.14599739116861 0.0 32.99226 -139.906
1.35 1.35 1.14599739116861 0.0 32.99226 -139.906
1.228195486877646 1.35 1.14599739116861 0.0 32.99226 -139.906
1.1063909737552915 1.35 1.14599739116861 0.0 32.99226 -139.906
0.9845864606329373 1.35 1.14599739116861 0.0 32.99226 -139.906
0.8627819475105831 1.35 1.14599739116861 0.0 32.99226 -139.906
0.7409774343882288 1.35 1.14599739116861 0.0 32.99226 -139.906
0.6191729212658745 1.35 1.14599739116861 0.0 32.99226 -139.906
0.49736840814352035 1.35 1.14599739116861 0.0 32.99226 -139.906
0.37556389502116605 1.35 1.14599739116861 0.0 32.99226 -139.906
0.25375938189881175 1.35 1.14599739116861 0.0 32.99226 -139.906
0.13195486877645757 1.35 1.14599739116861 0.0 32.99226 -139.906
0.010150355654103382 1.35 1.14599739116861 0.0 32.99226 -139.906
-0.11165415746825103 1.35 1.14599739116861 0.0 32.99226 -139.906
-0.2334586705906052 1.35 1.14599739116861 0.0 32.99226 -139.906
-0.35526318371295934 1.35 1.14599739116861 0.0 32.99226 -139.906
-0.35526318371295934 1.35 1.14599739116861 0.0 32.99226 -139.906
-0.35526318371295934 1.3296992479094438 1.14599739116861 0.0 32.99226 -139.906
-0.35526318371295934 1.3093984958188876 1.14599739116861 0.0 32.99226 -139.906
-0.35526318371295934 1.2890977437283313 1.14599739116861 0.0 32.99226 -139.906
-0.35526318371295934 1.268796991637775 1.14599739116861 0.0 32.99226 -139.906
-0.35526318371295934 1.2484962395472188 1.14599739116861 0.0 32.99226 -139.906
-0.35526318371295934 1.2281954874566625 1.14599739116861 0.0 32.99226 -139.906
-0.35526318371295934 1.2078947353661063 1.14599739116861 0.0 32.99226 -139.906
-0.35526318371295934 1.1875939832755498 1.14599739116861 0.0 32.99226 -139.906
-0.35526318371295934 1.1672932311849935 1.14599739116861 0.0 32.99226 -139.906
-0.35526318371295934 1.1469924790944372 1.14599739116861 0.0 32.99226 -139.906
-0.35526318371295934 1.126691727003881 1.14599739116861 0.0 32.99226 -139.906
-0.35526318371295934 1.1063909749133247 1.14599739116861 0.0 32.99226 -139.906
-0.35526318371295934 1.0860902228227685 1.14599739116861 0.0 32.99226 -139.906
-0.35526318371295934 1.0657894707322122 1.14599739116861 0.0 32.99226 -139.906
-0.35526318371295934 1.0657894707322122 1.14599739116861 0.0 32.99226 -139.906
-0.35526318371295934 1.0657894707322122 1.1148923180441321 0.0 32.99226 -139.906
-0.35526318371295934 1.0657894707322122 1.0837872449196542 0.0 32.99226 -139.906
-0.35526318371295934 1.0657894707322122 1.0526821717951762 0.0 32.99226 -139.906
-0.35526318371295934 1.0657894707322122 1.0215770986706982 0.0 32.99226 -139.906
-0.35526318371295934 1.0657894707322122 0.9904720255462203 0.0 32.99226 -139.906
-0.35526318371295934 1.0657894707322122 0.9593669524217423 0.0 32.99226 -139.906
-0.35526318371295934 1.0657894707322122 0.9282618792972643 0.0 32.99226 -139.906
-0.35526318371295934 1.0657894707322122 0.8971568061727864 0.0 32.99226 -139.906
-0.35526318371295934 1.0657894707322122 0.8660517330483084 0.0 32.99226 -139.906
-0.35526318371295934 1.0657894707322122 0.8349466599238304 0.0 32.99226 -139.906
-0.35526318371295934 1.0657894707322122 0.8038415867993525 0.0 32.99226 -139.906
-0.35526318371295934 1.0657894707322122 0.7727365136748746 0.0 32.99226 -139.906
-0.35526318371295934 1.0657894707322122 0.7416314405503966 0.0 32.99226 -139.906
-0.35526318371295934 1.0657894707322122 0.7105263674259187 0.0 32.99226 -139.906
