-0.6569539504961002 -0.21302394233876987 1.4637438965933007 -0.765333 -0.04353741272392375 -0.0626646505294548
-0.6833681015458575 -0.178136038875092 1.4637438965933007 -0.765333 -0.04353741272392375 -0.0626646505294548
-0.7097822525956148 -0.14324813541141412 1.4637438965933007 -0.765333 -0.04353741272392375 -0.0626646505294548
-0.7361964036453721 -0.10836023194773625 1.4637438965933007 -0.765333 -0.04353741272392375 -0.0626646505294548
-0.7626105546951294 -0.07347232848405838 1.4637438965933007 -0.765333 -0.04353741272392375 -0.0626646505294548
-0.7626105546951294 -0.07347232848405838 1.4637438965933007 -0.765333 -0.04353741272392375 -0.0626646505294548
-0.7626105546951294 -0.07347232848405838 1.4728079224449755 -0.765333 0.0714956338397972 -0.07083596114056606
-0.7626105546951294 -0.07347232848405838 1.4818719482966505 -0.765333 0.18652868040351817 -0.07900727175167732
-0.7626105546951294 -0.07347232848405838 1.4909359741483252 -0.765333 0.30156172696723915 -0.08717858236278858
-0.7626105546951294 -0.07347232848405838 1.5 -0.765333 0.4165947735309601 -0.09534989297389984
