-0.7187117911490192 -0.10896021286027438 1.4257155911788841 -0.38759 0.2211559055079575 -0.1607865374778004
-0.7446666193837218 -0.10124970159960395 1.4257155911788841 -0.38759 0.2211559055079575 -0.1607865374778004
-0.7706214476184243 -0.0935391903389335 1.4257155911788841 -0.38759 0.2211559055079575 -0.1607865374778004
-0.796576275853127 -0.08582867907826305 1.4257155911788841 -0.38759 0.2211559055079575 -0.1607865374778004
-0.8225311040878296 -0.07811816781759262 1.4257155911788841 -0.38759 0.2211559055079575 -0.1607865374778004
-0.8225311040878296 -0.07811816781759262 1.4257155911788841 -0.38759 0.2211559055079575 -0.1607865374778004
-0.8225311040878296 -0.07811816781759262 1.4442866933841632 -0.38759 0.2687629862002697 -0.11769627455579426
-0.8225311040878296 -0.07811816781759262 1.462857795589442 -0.38759 0.31637006689258196 -0.07460601163378812
-0.8225311040878296 -0.07811816781759262 1.481428897794721 -0.38759 0.3639771475848942 -0.03151574871178198
-0.8225311040878296 -0.07811816781759262 1.5 -0.38759 0.4115842282772064 0.011574514210224152
