-0.7180287040082701 -0.10238518203021671 1.4371431370621548 -0.639413 0.22493628866777723 -0.13806776113751543
-0.7396092561489409 -0.10790268245877016 1.4371431370621548 -0.639413 0.22493628866777723 -0.13806776113751543
-0.7611898082896118 -0.11342018288732363 1.4371431370621548 -0.639413 0.22493628866777723 -0.13806776113751543
-0.7827703604302826 -0.11893768331587709 1.4371431370621548 -0.639413 0.22493628866777723 -0.13806776113751543
-0.8043509125709534 -0.12445518374443054 1.4371431370621548 -0.639413 0.22493628866777723 -0.13806776113751543
-0.8043509125709534 -0.12445518374443054 1.4371431370621548 -0.639413 0.22493628866777723 -0.13806776113751543
-0.8043509125709534 -0.12445518374443054 1.4528573527966162 -0.639413 0.2720960990138792 -0.1516292982357965
-0.8043509125709534 -0.12445518374443054 1.4685715685310774 -0.639413 0.31925590935998116 -0.16519083533407752
-0.8043509125709534 -0.12445518374443054 1.4842857842655386 -0.639413 0.3664157197060831 -0.17875237243235859
-0.8043509125709534 -0.12445518374443054 1.5 -0.639413 0.41357553005218506 -0.19231390953063965
