-0.3478292817651671 0.6936211820026799 1.007260588009154 0.0 0.8446657050708214 -0.8828067342805038
-0.3478292817651671 0.6936211820026799 1.253630294004577 0.0 0.8446657050708214 -0.8828067342805038
-0.3478292817651671 0.6936211820026799 1.5 0.0 0.8446657050708214 -0.8828067342805038
-0.3478292817651671 0.6936211820026799 1.5 0.0 0.8446657050708214 -0.8828067342805038
0.2879274979442636 0.0981263825039349 1.5 0.0 0.8446657050708214 -0.8828067342805038
0.9236842776536943 -0.49736841699481016 1.5 0.0 0.8446657050708214 -0.8828067342805038
0.9236842776536943 -0.49736841699481016 1.5 0.0 0.8446657050708214 -0.8828067342805038
0.9236842776536943 -0.49736841699481016 1.2842105201681455 0.0 0.8287068049782743 0.12744679197596287
0.9236842776536943 -0.49736841699481016 1.068421040336291 0.0 0.8127479048857273 1.1377003182324295
0.9236842776536943 -0.49736841699481016 0.8526315605044367 0.0 0.7967890047931803 2.1479538444888964
