-0.9886273413323707 0.9507338174763273 0.6702303660538356 0.0 0.2282372298820741 -0.6615513450051826
-0.9886273413323707 0.9507338174763273 1.0851151830269177 0.0 0.2282372298820741 -0.6615513450051826
-0.9886273413323707 0.9507338174763273 1.5 0.0 0.2282372298820741 -0.6615513450051826
-0.9886273413323707 0.9507338174763273 1.5 0.0 0.2282372298820741 -0.6615513450051826
0.18018632933381462 0.36878796367510913 1.5 0.0 0.2282372298820741 -0.6615513450051826
1.3490000000000002 -0.21315789012610917 1.5 0.0 0.2282372298820741 -0.6615513450051826
1.3490000000000002 -0.21315789012610917 1.5 0.0 0.2282372298820741 -0.6615513450051826
1.3490000000000002 -0.21315789012610917 1.3315789446632067 0.0 0.4166331703625369 0.46207666009832793
1.3490000000000002 -0.21315789012610917 1.1631578893264136 0.0 0.6050291108429997 1.5857046652018385
1.3490000000000002 -0.21315789012610917 0.9947368339896203 0.0 0.7934250513234624 2.7093326703053493
