-0.5991096847811064 0.7232824502045816 0.7368093980957966 0.0 0.4127787456770685 -0.9291015926896534
-0.5991096847811064 0.7232824502045816 1.1184046990478982 0.0 0.4127787456770685 -0.9291015926896534
-0.5991096847811064 0.7232824502045816 1.5 0.0 0.4127787456770685 -0.9291015926896534
-0.5991096847811064 0.7232824502045816 1.5 0.0 0.4127787456770685 -0.9291015926896534
-0.6192916876305501 0.752430727186546 1.5 0.0 0.4127787456770685 -0.9291015926896534
-0.6394736904799939 0.7815790041685106 1.5 0.0 0.4127787456770685 -0.9291015926896534
-0.6394736904799939 0.7815790041685106 1.5 0.0 0.4127787456770685 -0.9291015926896534
-0.6394736904799939 0.7815790041685106 1.2368421224753061 0.0 0.4632174478788249 -0.8852528732182628
-0.6394736904799939 0.7815790041685106 0.9736842449506125 0.0 0.5136561500805813 -0.8414041537468724
-0.6394736904799939 0.7815790041685106 0.7105263674259187 0.0 0.5640948522823377 -0.7975554342754818
