1.186230128051734 0.11701530499369377 0.9286102112378095 0.0 0.7589232639739463 -2.739974939413378
1.186230128051734 0.11701530499369377 1.2143051056189047 0.0 0.7589232639739463 -2.739974939413378
1.186230128051734 0.11701530499369377 1.5 0.0 0.7589232639739463 -2.739974939413378
1.186230128051734 0.11701530499369377 1.5 0.0 0.7589232639739463 -2.739974939413378
0.0602203286597609 0.591402387862953 1.5 0.0 0.7589232639739463 -2.739974939413378
-1.0657894707322122 1.0657894707322122 1.5 0.0 0.7589232639739463 -2.739974939413378
-1.0657894707322122 1.0657894707322122 1.5 0.0 0.7589232639739463 -2.739974939413378
-1.0657894707322122 1.0657894707322122 1.2368421224753061 0.0 0.6202196329306536 -2.0405409425696184
-1.0657894707322122 1.0657894707322122 0.9736842449506125 0.0 0.48151600188736093 -1.3411069457258589
-1.0657894707322122 1.0657894707322122 0.7105263674259187 0.0 0.3428123708440683 -0.6416729488820992
