-0.5565347114858545 0.693797024556603 0.6758966362532743 0.0 0.4474596596446723 -0.7740447966132251
-0.5565347114858545 0.693797024556603 1.0879483181266372 0.0 0.4474596596446723 -0.7740447966132251
-0.5565347114858545 0.693797024556603 1.5 0.0 0.4474596596446723 -0.7740447966132251
-0.5565347114858545 0.693797024556603 1.5 0.0 0.4474596596446723 -0.7740447966132251
-0.5980042009829243 0.7376880143625568 1.5 0.0 0.4474596596446723 -0.7740447966132251
-0.6394736904799939 0.7815790041685106 1.5 0.0 0.4474596596446723 -0.7740447966132251
-0.6394736904799939 0.7815790041685106 1.5 0.0 0.4474596596446723 -0.7740447966132251
-0.6394736904799939 0.7815790041685106 1.2368421224753061 0.0 0.4898402012020547 -0.7643460780902029
-0.6394736904799939 0.7815790041685106 0.9736842449506125 0.0 0.5322207427594371 -0.7546473595671807
-0.6394736904799939 0.7815790041685106 0.7105263674259187 0.0 0.5746012843168194 -0.7449486410441585
