-0.16500202010450535 -1.0787944891758414 0.5183197199457685 0.0 0.07974583885287291 1.4329135705580927
-0.16500202010450535 -1.0787944891758414 1.0091598599728844 0.0 0.07974583885287291 1.4329135705580927
-0.16500202010450535 -1.0787944891758414 1.5 0.0 0.07974583885287291 1.4329135705580927
-0.16500202010450535 -1.0787944891758414 1.5 0.0 0.07974583885287291 1.4329135705580927
-0.26013260190873233 -0.14860774250366537 1.5 0.0 0.07974583885287291 1.4329135705580927
-0.35526318371295934 0.7815790041685106 1.5 0.0 0.07974583885287291 1.4329135705580927
-0.35526318371295934 0.7815790041685106 1.5 0.0 0.07974583885287291 1.4329135705580927
-0.35526318371295934 0.7815790041685106 1.3315789446632067 0.0 0.37401791824642516 0.6249418701978561
-0.35526318371295934 0.7815790041685106 1.1631578893264136 0.0 0.6682899976399774 -0.1830298301623805
-0.35526318371295934 0.7815790041685106 0.9947368339896203 0.0 0.9625620770335297 -0.9910015305226169
