-1.0057811125409215 0.7109154635539106 0.7282459576898257 0.0 0.30875886758745846 -0.6556521321334418
-1.0057811125409215 0.7109154635539106 1.1141229788449127 0.0 0.30875886758745846 -0.6556521321334418
-1.0057811125409215 0.7109154635539106 1.5 0.0 0.30875886758745846 -0.6556521321334418
-1.0057811125409215 0.7109154635539106 1.5 0.0 0.30875886758745846 -0.6556521321334418
-0.8226274015104578 0.7462472338612105 1.5 0.0 0.30875886758745846 -0.6556521321334418
-0.6394736904799939 0.7815790041685106 1.5 0.0 0.30875886758745846 -0.6556521321334418
-0.6394736904799939 0.7815790041685106 1.5 0.0 0.30875886758745846 -0.6556521321334418
-0.6394736904799939 0.7815790041685106 1.2368421224753061 0.0 0.3830590644326664 -0.7499828010360214
-0.6394736904799939 0.7815790041685106 0.9736842449506125 0.0 0.4573592612778744 -0.8443134699386012
-0.6394736904799939 0.7815790041685106 0.7105263674259187 0.0 0.5316594581230824 -0.9386441388411809
