-0.6022137063831137 0.7144789484450546 0.7219878237628259 0.0 0.4176017885320296 -0.5772676500971246
-0.6022137063831137 0.7144789484450546 1.110993911881413 0.0 0.4176017885320296 -0.5772676500971246
-0.6022137063831137 0.7144789484450546 1.5 0.0 0.4176017885320296 -0.5772676500971246
-0.6022137063831137 0.7144789484450546 1.5 0.0 0.4176017885320296 -0.5772676500971246
0.2892185040369608 0.4509642780129774 1.5 0.0 0.4176017885320296 -0.5772676500971246
1.1806507144570353 0.1874496075809002 1.5 0.0 0.4176017885320296 -0.5772676500971246
1.1806507144570353 0.1874496075809002 1.5 0.0 0.4176017885320296 -0.5772676500971246
1.1806507144570353 0.1874496075809002 1.3200436703761418 0.0 0.5674002556123925 -1.3417479277218347
1.1806507144570353 0.1874496075809002 1.1400873407522838 0.0 0.7171987226927553 -2.106228205346545
1.1806507144570353 0.1874496075809002 0.9601310111284257 0.0 0.8669971897731181 -2.8707084829712555
