1.3178995819167443 -0.26278414237652864 0.9767055197976059 0.0 0.6846629949600915 2.6453780939552853
1.3178995819167443 -0.26278414237652864 1.238352759898803 0.0 0.6846629949600915 2.6453780939552853
1.3178995819167443 -0.26278414237652864 1.5 0.0 0.6846629949600915 2.6453780939552853
1.3178995819167443 -0.26278414237652864 1.5 0.0 0.6846629949600915 2.6453780939552853
0.2681602888741168 0.1883447740517326 1.5 0.0 0.6846629949600915 2.6453780939552853
-0.7815790041685106 0.6394736904799939 1.5 0.0 0.6846629949600915 2.6453780939552853
-0.7815790041685106 0.6394736904799939 1.5 0.0 0.6846629949600915 2.6453780939552853
-0.7815790041685106 0.6394736904799939 1.2368421224753061 0.0 0.5469874129014842 1.6211718064184524
-0.7815790041685106 0.6394736904799939 0.9736842449506125 0.0 0.409311830842877 0.5969655188816194
-0.7815790041685106 0.6394736904799939 0.7105263674259187 0.0 0.2716362487842697 -0.4272407686552134
