-0.788550356984048 0.6305643877096224 0.7254890169096678 0.0 0.15388480748371403 -0.29879687728292526
-0.788550356984048 0.6305643877096224 1.112744508454834 0.0 0.15388480748371403 -0.29879687728292526
-0.788550356984048 0.6305643877096224 1.5 0.0 0.15388480748371403 -0.29879687728292526
-0.788550356984048 0.6305643877096224 1.5 0.0 0.15388480748371403 -0.29879687728292526
-0.9271699138581301 0.7060716959390665 1.5 0.0 0.15388480748371403 -0.29879687728292526
-1.0657894707322122 0.7815790041685106 1.5 0.0 0.15388480748371403 -0.29879687728292526
-1.0657894707322122 0.7815790041685106 1.5 0.0 0.15388480748371403 -0.29879687728292526
-1.0657894707322122 0.7815790041685106 1.2368421224753061 0.0 0.2460610585850288 -0.4165798656630815
-1.0657894707322122 0.7815790041685106 0.9736842449506125 0.0 0.3382373096863436 -0.5343628540432377
-1.0657894707322122 0.7815790041685106 0.7105263674259187 0.0 0.43041356078765836 -0.6521458424233939
