-0.5568396603225201 0.7113722104037616 0.6968568977154652 0.0 0.4608698969523706 -0.7286854346831445
-0.5568396603225201 0.7113722104037616 1.0984284488577325 0.0 0.4608698969523706 -0.7286854346831445
-0.5568396603225201 0.7113722104037616 1.5 0.0 0.4608698969523706 -0.7286854346831445
-0.5568396603225201 0.7113722104037616 1.5 0.0 0.4608698969523706 -0.7286854346831445
-0.598156675401257 0.8175282440287279 1.5 0.0 0.4608698969523706 -0.7286854346831445
-0.6394736904799939 0.9236842776536943 1.5 0.0 0.4608698969523706 -0.7286854346831445
-0.6394736904799939 0.9236842776536943 1.5 0.0 0.4608698969523706 -0.7286854346831445
-0.6394736904799939 0.9236842776536943 1.2368421224753061 0.0 0.45727827322182807 -0.8288744332281527
-0.6394736904799939 0.9236842776536943 0.9736842449506125 0.0 0.4536866494912855 -0.9290634317731608
-0.6394736904799939 0.9236842776536943 0.7105263674259187 0.0 0.450095025760743 -1.029252430318169
