0.8737755850707819 -0.4370141500810156 0.8623150188385396 0.0 0.6902110475863311 2.0282122171575705
0.8737755850707819 -0.4370141500810156 1.1811575094192697 0.0 0.6902110475863311 2.0282122171575705
0.8737755850707819 -0.4370141500810156 1.5 0.0 0.6902110475863311 2.0282122171575705
0.8737755850707819 -0.4370141500810156 1.5 0.0 0.6902110475863311 2.0282122171575705
0.11715094729539399 0.17228242704374747 1.5 0.0 0.6902110475863311 2.0282122171575705
-0.6394736904799939 0.7815790041685106 1.5 0.0 0.6902110475863311 2.0282122171575705
-0.6394736904799939 0.7815790041685106 1.5 0.0 0.6902110475863311 2.0282122171575705
-0.6394736904799939 0.7815790041685106 1.2368421224753061 0.0 0.6380830762220233 1.1228484233448381
-0.6394736904799939 0.7815790041685106 0.9736842449506125 0.0 0.5859551048577154 0.21748462953210557
-0.6394736904799939 0.7815790041685106 0.7105263674259187 0.0 0.5338271334934076 -0.6878791642806271
