2025-02-06 18:23:39 -0.795834 -1.31824 0.734748 -0.811827 -7.83726 49.4095 -25.7831
2025-02-06 18:23:55 -1.1766 -0.771182 0.827328 -1.05685 -7.70901 39.1262 -17.1887
2025-02-06 18:24:10 -1.09726 -0.786738 1.17178 -1.14051 -8.54982 40.6839 0
2025-02-06 18:24:43 -1.32428 -0.840422 0.9776 -1.06426 -7.86512 38.458 -0.163854
2025-02-06 18:25:32 -0.733439 -1.04753 0.786893 -1.04052 -7.76988 57.9735 -12.2404
2025-02-06 18:26:55 -1.09962 0.0743581 1.19598 -0.789702 -8.13173 -4.55531 28.3545
2025-02-06 18:28:50 1.36927 -1.00811 1.08415 -0.999569 -8.25525 146.526 4.77553
2025-02-06 18:30:34 -1.09279 0.155355 1.02711 -0.547214 -7.97314 -5.84578 0.819562
2025-02-06 18:32:24 1.349 0.20097 1.00039 -0.799834 -8.37986 -164.793 3.2053
2025-02-06 18:34:31 -0.966122 -0.0644803 1.18541 -1.51252 -8.02943 5.67238 22.1042
2025-02-06 18:35:37 -1.1118 -1.00079 0.761887 -0.839468 -7.73717 52.9312 -8.64729
2025-02-06 18:36:21 -1.35846 -0.557478 0.723815 -1.17932 -7.52557 17.788 -0.722953
2025-02-06 18:37:44 1.32086 -0.971074 0.816546 -0.946572 -8.44424 127.17 -2.16869
2025-02-06 18:39:18 -1.33077 -0.502422 0.793338 -0.811612 -8.2375 20.0323 -2.04107
2025-02-06 18:40:32 -0.836048 -1.06592 0.733153 -1.26775 -7.79635 63.33 -0.695393
2025-02-06 18:41:33 -1.101 -1.08529 0.673653 -1.10867 -7.85742 48.5587 -7.08054
2025-02-06 18:42:22 -1.25152 -1.33376 0.543716 -0.807787 -8.20104 42.5163 0.619318
