-1.2773073196817097 -0.4836828864780176 0.7510226666373223 0.0 -0.012136892100476719 1.0354701008569491
-1.3136536598408548 -0.4836828864780176 0.7510226666373223 0.0 -0.012136892100476719 1.0354701008569491
-1.35 -0.4836828864780176 0.7510226666373223 0.0 -0.012136892100476719 1.0354701008569491
-1.35 -0.4836828864780176 0.7510226666373223 0.0 -0.012136892100476719 1.0354701008569491
-1.35 -0.4836828864780176 0.7510226666373223 0.0 -0.012136892100476719 1.0354701008569491
-1.35 -0.4836828864780176 0.7510226666373223 0.0 -0.012136892100476719 1.0354701008569491
-1.35 -0.9168414432390088 0.7510226666373223 0.0 -0.012136892100476719 1.0354701008569491
-1.35 -1.35 0.7510226666373223 0.0 -0.012136892100476719 1.0354701008569491
-1.35 -1.35 0.7510226666373223 0.0 -0.012136892100476719 1.0354701008569491
-1.0657895020842554 -1.35 0.7510226666373223 0.0 -0.012136892100476719 1.0354701008569491
-0.7815790041685106 -1.35 0.7510226666373223 0.0 -0.012136892100476719 1.0354701008569491
-0.7815790041685106 -1.35 0.7510226666373223 0.0 -0.012136892100476719 1.0354701008569491
-0.7815790041685106 -1.35 0.7510226666373223 0.0 -0.012136892100476719 1.0354701008569491
-0.7815790041685106 -1.35 0.7510226666373223 0.0 -0.012136892100476719 1.0354701008569491
-0.7815790041685106 -1.2078947353661063 0.7510226666373223 0.0 -0.012136892100476719 1.0354701008569491
-0.7815790041685106 -1.0657894707322122 0.7510226666373223 0.0 -0.012136892100476719 1.0354701008569491
-0.7815790041685106 -1.0657894707322122 0.7510226666373223 0.0 -0.012136892100476719 1.0354701008569491
-0.7815790041685106 -1.0657894707322122 0.7510226666373223 0.0 -0.012136892100476719 1.0354701008569491
-0.7815790041685106 -1.0657894707322122 0.7510226666373223 0.0 -0.012136892100476719 1.0354701008569491
-0.7815790041685106 -1.0657894707322122 0.7307745170316204 0.0 -0.012136892100476719 1.0354701008569491
-0.7815790041685106 -1.0657894707322122 0.7105263674259187 0.0 -0.012136892100476719 1.0354701008569491
