1.2872010828364089 -0.925314626385118 0.7744371289423694 0.0 -0.0356233502598956 0.4541321439819459
1.3186005414182045 -0.925314626385118 0.7744371289423694 0.0 -0.0356233502598956 0.4541321439819459
1.35 -0.925314626385118 0.7744371289423694 0.0 -0.0356233502598956 0.4541321439819459
1.35 -0.925314626385118 0.7744371289423694 0.0 -0.0356233502598956 0.4541321439819459
1.35 -0.925314626385118 0.7744371289423694 0.0 -0.0356233502598956 0.4541321439819459
1.35 -0.925314626385118 0.7744371289423694 0.0 -0.0356233502598956 0.4541321439819459
1.35 -1.137657313192559 0.7744371289423694 0.0 -0.0356233502598956 0.4541321439819459
1.35 -1.35 0.7744371289423694 0.0 -0.0356233502598956 0.4541321439819459
1.35 -1.35 0.7744371289423694 0.0 -0.0356233502598956 0.4541321439819459
0.0 -1.35 0.7744371289423694 0.0 -0.0356233502598956 0.4541321439819459
-1.35 -1.35 0.7744371289423694 0.0 -0.0356233502598956 0.4541321439819459
-1.35 -0.9236842084974051 0.7744371289423694 0.0 -0.0356233502598956 0.4541321439819459
-1.35 -0.49736841699481016 0.7744371289423694 0.0 -0.0356233502598956 0.4541321439819459
-1.35 -0.49736841699481016 0.7744371289423694 0.0 -0.0356233502598956 0.4541321439819459
-1.3495000000000001 -0.49736841699481016 0.7744371289423694 0.0 -0.0356233502598956 0.4541321439819459
-1.3490000000000002 -0.49736841699481016 0.7744371289423694 0.0 -0.0356233502598956 0.4541321439819459
-1.3490000000000002 -0.49736841699481016 0.7744371289423694 0.0 -0.0356233502598956 0.4541321439819459
-1.3490000000000002 -0.49736841699481016 0.7744371289423694 0.0 -0.0356233502598956 0.4541321439819459
-1.3490000000000002 -0.49736841699481016 0.7744371289423694 0.0 -0.0356233502598956 0.4541321439819459
-1.3490000000000002 -0.49736841699481016 0.742481748184144 0.0 -0.0356233502598956 0.4541321439819459
-1.3490000000000002 -0.49736841699481016 0.7105263674259187 0.0 -0.0356233502598956 0.4541321439819459
