-1.0534809046075546 -0.750415836755122 1.1297789135398664 0.0 -0.0028597919606110833 0.6732184934028362
-1.2017404523037774 -0.750415836755122 1.1297789135398664 0.0 -0.0028597919606110833 0.6732184934028362
-1.35 -0.750415836755122 1.1297789135398664 0.0 -0.0028597919606110833 0.6732184934028362
-1.35 -0.750415836755122 1.1297789135398664 0.0 -0.0028597919606110833 0.6732184934028362
-1.35 -0.750415836755122 1.1297789135398664 0.0 -0.0028597919606110833 0.6732184934028362
-1.35 -0.750415836755122 1.1297789135398664 0.0 -0.0028597919606110833 0.6732184934028362
-1.35 -0.7645148421544261 1.1297789135398664 0.0 -0.0028597919606110833 0.6732184934028362
-1.35 -0.7786138475537301 1.1297789135398664 0.0 -0.0028597919606110833 0.6732184934028362
-1.35 -0.7786138475537301 1.1297789135398664 0.0 -0.0028597919606110833 0.6732184934028362
-1.3124985811412335 -0.7786138475537301 1.1297789135398664 0.0 -0.0028597919606110833 0.6732184934028362
-1.2749971622824672 -0.7786138475537301 1.1297789135398664 0.0 -0.0028597919606110833 0.6732184934028362
-1.2749971622824672 -0.7786138475537301 1.1297789135398664 0.0 -0.0028597919606110833 0.6732184934028362
-1.2749971622824672 -0.7786138475537301 1.1297789135398664 0.0 -0.0028597919606110833 0.6732184934028362
-1.2749971622824672 -0.7786138475537301 1.1297789135398664 0.0 -0.0028597919606110833 0.6732184934028362
-1.2749971622824672 -0.7786138475537301 1.0172393876821895 0.0 -0.0028597919606110833 0.6732184934028362
-1.2749971622824672 -0.7786138475537301 0.9046998618245126 0.0 -0.0028597919606110833 0.6732184934028362
