-0.7028129079256419 -1.0002805668582835 0.7441199529722349 0.0 0.49487988393577986 -0.07173613469648348
-0.7028129079256419 -1.0002805668582835 0.7441199529722349 0.0 0.49487988393577986 -0.07173613469648348
-0.7028129079256419 -1.0002805668582835 0.7441199529722349 0.0 0.49487988393577986 -0.07173613469648348
-0.7028129079256419 -1.1751402834291418 0.7441199529722349 0.0 0.49487988393577986 -0.07173613469648348
-0.7028129079256419 -1.35 0.7441199529722349 0.0 0.49487988393577986 -0.07173613469648348
-0.7028129079256419 -1.35 0.7441199529722349 0.0 0.49487988393577986 -0.07173613469648348
-1.026406453962821 -1.35 0.7441199529722349 0.0 0.49487988393577986 -0.07173613469648348
-1.35 -1.35 0.7441199529722349 0.0 0.49487988393577986 -0.07173613469648348
-1.35 -1.35 0.7441199529722349 0.0 0.49487988393577986 -0.07173613469648348
-1.35 -1.35 0.7441199529722349 0.0 0.49487988393577986 -0.07173613469648348
-1.35 -1.35 0.7441199529722349 0.0 0.49487988393577986 -0.07173613469648348
-1.35 -0.6394736866541207 0.7441199529722349 0.0 0.49487988393577986 -0.07173613469648348
-1.35 0.07105262669175864 0.7441199529722349 0.0 0.49487988393577986 -0.07173613469648348
-1.35 0.07105262669175864 0.7441199529722349 0.0 0.49487988393577986 -0.07173613469648348
-1.2078947353661063 0.07105262669175864 0.7441199529722349 0.0 0.49487988393577986 -0.07173613469648348
-1.0657894707322122 0.07105262669175864 0.7441199529722349 0.0 0.49487988393577986 -0.07173613469648348
-1.0657894707322122 0.07105262669175864 0.7441199529722349 0.0 0.49487988393577986 -0.07173613469648348
-1.0657894707322122 0.07105262669175864 0.7441199529722349 0.0 0.49487988393577986 -0.07173613469648348
-1.0657894707322122 0.07105262669175864 0.7441199529722349 0.0 0.49487988393577986 -0.07173613469648348
-1.0657894707322122 0.07105262669175864 1.0115336669661112 0.0 0.49487988393577986 -0.07173613469648348
-1.0657894707322122 0.07105262669175864 1.2789473809599878 0.0 0.49487988393577986 -0.07173613469648348
