-1.0772940864414273 -0.9563286212230546 0.7190789665630235 0.0 -0.012617916993397702 0.38501165318733727
-1.2136470432207136 -0.9563286212230546 0.7190789665630235 0.0 -0.012617916993397702 0.38501165318733727
-1.35 -0.9563286212230546 0.7190789665630235 0.0 -0.012617916993397702 0.38501165318733727
-1.35 -0.9563286212230546 0.7190789665630235 0.0 -0.012617916993397702 0.38501165318733727
-1.35 -0.9563286212230546 0.7190789665630235 0.0 -0.012617916993397702 0.38501165318733727
-1.35 -0.9563286212230546 0.7190789665630235 0.0 -0.012617916993397702 0.38501165318733727
-1.35 -0.7268485392105989 0.7190789665630235 0.0 -0.012617916993397702 0.38501165318733727
-1.35 -0.4973684571981431 0.7190789665630235 0.0 -0.012617916993397702 0.38501165318733727
-1.35 -0.4973684571981431 0.7190789665630235 0.0 -0.012617916993397702 0.38501165318733727
-1.3495000000000001 -0.4973684571981431 0.7190789665630235 0.0 -0.012617916993397702 0.38501165318733727
-1.3490000000000002 -0.4973684571981431 0.7190789665630235 0.0 -0.012617916993397702 0.38501165318733727
-1.3490000000000002 -0.4973684571981431 0.7190789665630235 0.0 -0.012617916993397702 0.38501165318733727
-1.3490000000000002 -0.4973684571981431 0.7190789665630235 0.0 -0.012617916993397702 0.38501165318733727
-1.3490000000000002 -0.4973684571981431 0.7190789665630235 0.0 -0.012617916993397702 0.38501165318733727
-1.3490000000000002 -0.4973684571981431 0.7148026669944711 0.0 -0.012617916993397702 0.38501165318733727
-1.3490000000000002 -0.4973684571981431 0.7105263674259187 0.0 -0.012617916993397702 0.38501165318733727
