-1.0366804194633061 0.14913027485060157 0.9845310407735145 0.0 0.05594312245691908 -2.967724210558886
-1.193340209731653 0.14913027485060157 0.9845310407735145 0.0 0.05594312245691908 -2.967724210558886
-1.35 0.14913027485060157 0.9845310407735145 0.0 0.05594312245691908 -2.967724210558886
-1.35 0.14913027485060157 0.9845310407735145 0.0 0.05594312245691908 -2.967724210558886
-1.35 0.14913027485060157 0.9845310407735145 0.0 0.05594312245691908 -2.967724210558886
-1.35 0.14913027485060157 0.9845310407735145 0.0 0.05594312245691908 -2.967724210558886
-1.35 0.7495651374253008 0.9845310407735145 0.0 0.05594312245691908 -2.967724210558886
-1.35 1.35 0.9845310407735145 0.0 0.05594312245691908 -2.967724210558886
-1.35 1.35 0.9845310407735145 0.0 0.05594312245691908 -2.967724210558886
0.0 1.35 0.9845310407735145 0.0 0.05594312245691908 -2.967724210558886
1.35 1.35 0.9845310407735145 0.0 0.05594312245691908 -2.967724210558886
1.35 0.7815789450630546 0.9845310407735145 0.0 0.05594312245691908 -2.967724210558886
1.35 0.21315789012610917 0.9845310407735145 0.0 0.05594312245691908 -2.967724210558886
1.35 0.21315789012610917 0.9845310407735145 0.0 0.05594312245691908 -2.967724210558886
1.3495000000000001 0.21315789012610917 0.9845310407735145 0.0 0.05594312245691908 -2.967724210558886
1.3490000000000002 0.21315789012610917 0.9845310407735145 0.0 0.05594312245691908 -2.967724210558886
1.3490000000000002 0.21315789012610917 0.9845310407735145 0.0 0.05594312245691908 -2.967724210558886
1.3490000000000002 0.21315789012610917 0.9845310407735145 0.0 0.05594312245691908 -2.967724210558886
1.3490000000000002 0.21315789012610917 0.9845310407735145 0.0 0.05594312245691908 -2.967724210558886
1.3490000000000002 0.21315789012610917 0.9896339373815675 0.0 0.05594312245691908 -2.967724210558886
1.3490000000000002 0.21315789012610917 0.9947368339896203 0.0 0.05594312245691908 -2.967724210558886
