-1.0432843495856063 0.0691783570577693 1.1535599015154416 0.0 0.08334872524751304 2.4885041982776563
-1.196642174792803 0.0691783570577693 1.1535599015154416 0.0 0.08334872524751304 2.4885041982776563
-1.35 0.0691783570577693 1.1535599015154416 0.0 0.08334872524751304 2.4885041982776563
-1.35 0.0691783570577693 1.1535599015154416 0.0 0.08334872524751304 2.4885041982776563
-1.35 0.0691783570577693 1.1535599015154416 0.0 0.08334872524751304 2.4885041982776563
-1.35 0.0691783570577693 1.1535599015154416 0.0 0.08334872524751304 2.4885041982776563
-1.35 -0.6404108214711154 1.1535599015154416 0.0 0.08334872524751304 2.4885041982776563
-1.35 -1.35 1.1535599015154416 0.0 0.08334872524751304 2.4885041982776563
-1.35 -1.35 1.1535599015154416 0.0 0.08334872524751304 2.4885041982776563
0.0 -1.35 1.1535599015154416 0.0 0.08334872524751304 2.4885041982776563
1.35 -1.35 1.1535599015154416 0.0 0.08334872524751304 2.4885041982776563
1.35 -1.2078947353661063 1.1535599015154416 0.0 0.08334872524751304 2.4885041982776563
1.35 -1.0657894707322122 1.1535599015154416 0.0 0.08334872524751304 2.4885041982776563
1.35 -1.0657894707322122 1.1535599015154416 0.0 0.08334872524751304 2.4885041982776563
1.3495000000000001 -1.0657894707322122 1.1535599015154416 0.0 0.08334872524751304 2.4885041982776563
1.3490000000000002 -1.0657894707322122 1.1535599015154416 0.0 0.08334872524751304 2.4885041982776563
1.3490000000000002 -1.0657894707322122 1.1535599015154416 0.0 0.08334872524751304 2.4885041982776563
1.3490000000000002 -1.0657894707322122 1.1535599015154416 0.0 0.08334872524751304 2.4885041982776563
1.3490000000000002 -1.0657894707322122 1.1535599015154416 0.0 0.08334872524751304 2.4885041982776563
1.3490000000000002 -1.0657894707322122 1.074148367752531 0.0 0.08334872524751304 2.4885041982776563
1.3490000000000002 -1.0657894707322122 0.9947368339896203 0.0 0.08334872524751304 2.4885041982776563
