-1.0629696603407643 -1.0436773889496802 0.6309671256739661 0.0 0.010809132630679839 0.8354793187953905
-1.2064848301703823 -1.0436773889496802 0.6309671256739661 0.0 0.010809132630679839 0.8354793187953905
-1.35 -1.0436773889496802 0.6309671256739661 0.0 0.010809132630679839 0.8354793187953905
-1.35 -1.0436773889496802 0.6309671256739661 0.0 0.010809132630679839 0.8354793187953905
-1.35 -1.0436773889496802 0.6309671256739661 0.0 0.010809132630679839 0.8354793187953905
-1.35 -1.0436773889496802 0.6309671256739661 0.0 0.010809132630679839 0.8354793187953905
-1.35 -1.1968386944748401 0.6309671256739661 0.0 0.010809132630679839 0.8354793187953905
-1.35 -1.35 0.6309671256739661 0.0 0.010809132630679839 0.8354793187953905
-1.35 -1.35 0.6309671256739661 0.0 0.010809132630679839 0.8354793187953905
-1.2789474123120308 -1.35 0.6309671256739661 0.0 0.010809132630679839 0.8354793187953905
-1.2078948246240617 -1.35 0.6309671256739661 0.0 0.010809132630679839 0.8354793187953905
-1.2078948246240617 -1.35 0.6309671256739661 0.0 0.010809132630679839 0.8354793187953905
-1.2078948246240617 -1.35 0.6309671256739661 0.0 0.010809132630679839 0.8354793187953905
-1.2078948246240617 -1.35 0.6309671256739661 0.0 0.010809132630679839 0.8354793187953905
-1.2078948246240617 -1.3495000000000001 0.6309671256739661 0.0 0.010809132630679839 0.8354793187953905
-1.2078948246240617 -1.3490000000000002 0.6309671256739661 0.0 0.010809132630679839 0.8354793187953905
-1.2078948246240617 -1.3490000000000002 0.6309671256739661 0.0 0.010809132630679839 0.8354793187953905
-1.2078948246240617 -1.3490000000000002 0.6309671256739661 0.0 0.010809132630679839 0.8354793187953905
-1.2078948246240617 -1.3490000000000002 0.6309671256739661 0.0 0.010809132630679839 0.8354793187953905
-1.2078948246240617 -1.3490000000000002 0.6707467465499424 0.0 0.010809132630679839 0.8354793187953905
-1.2078948246240617 -1.3490000000000002 0.7105263674259187 0.0 0.010809132630679839 0.8354793187953905
