1.3224889498397436 -0.9761311321791049 1.0418547832633842 0.0 0.014304049967273275 -0.11171445001506464
1.3362444749198719 -0.9761311321791049 1.0418547832633842 0.0 0.014304049967273275 -0.11171445001506464
1.35 -0.9761311321791049 1.0418547832633842 0.0 0.014304049967273275 -0.11171445001506464
1.35 -0.9761311321791049 1.0418547832633842 0.0 0.014304049967273275 -0.11171445001506464
1.35 -0.9761311321791049 1.0418547832633842 0.0 0.014304049967273275 -0.11171445001506464
1.35 -0.9761311321791049 1.0418547832633842 0.0 0.014304049967273275 -0.11171445001506464
1.35 -1.1630655660895526 1.0418547832633842 0.0 0.014304049967273275 -0.11171445001506464
1.35 -1.35 1.0418547832633842 0.0 0.014304049967273275 -0.11171445001506464
1.35 -1.35 1.0418547832633842 0.0 0.014304049967273275 -0.11171445001506464
0.0 -1.35 1.0418547832633842 0.0 0.014304049967273275 -0.11171445001506464
-1.35 -1.35 1.0418547832633842 0.0 0.014304049967273275 -0.11171445001506464
-1.35 -0.6253045898452402 1.0418547832633842 0.0 0.014304049967273275 -0.11171445001506464
-1.35 0.09939082030951978 1.0418547832633842 0.0 0.014304049967273275 -0.11171445001506464
-1.35 0.09939082030951978 1.0418547832633842 0.0 0.014304049967273275 -0.11171445001506464
-1.1971067338287833 0.09939082030951978 1.0418547832633842 0.0 0.014304049967273275 -0.11171445001506464
-1.0442134676575663 0.09939082030951978 1.0418547832633842 0.0 0.014304049967273275 -0.11171445001506464
-1.0442134676575663 0.09939082030951978 1.0418547832633842 0.0 0.014304049967273275 -0.11171445001506464
-1.0442134676575663 0.09939082030951978 1.0418547832633842 0.0 0.014304049967273275 -0.11171445001506464
-1.0442134676575663 0.09939082030951978 1.0418547832633842 0.0 0.014304049967273275 -0.11171445001506464
-1.0442134676575663 0.09939082030951978 1.027334844572633 0.0 0.014304049967273275 -0.11171445001506464
-1.0442134676575663 0.09939082030951978 1.0128149058818818 0.0 0.014304049967273275 -0.11171445001506464
