1.2940518943783383 0.1867570117357046 0.9582154027501182 0.0 0.38579182722099914 0.09997847357996671
1.3220259471891693 0.1867570117357046 0.9582154027501182 0.0 0.38579182722099914 0.09997847357996671
1.35 0.1867570117357046 0.9582154027501182 0.0 0.38579182722099914 0.09997847357996671
1.35 0.1867570117357046 0.9582154027501182 0.0 0.38579182722099914 0.09997847357996671
1.35 0.1867570117357046 0.9582154027501182 0.0 0.38579182722099914 0.09997847357996671
1.35 0.1867570117357046 0.9582154027501182 0.0 0.38579182722099914 0.09997847357996671
1.35 0.7683785058678523 0.9582154027501182 0.0 0.38579182722099914 0.09997847357996671
1.35 1.35 0.9582154027501182 0.0 0.38579182722099914 0.09997847357996671
1.35 1.35 0.9582154027501182 0.0 0.38579182722099914 0.09997847357996671
0.0 1.35 0.9582154027501182 0.0 0.38579182722099914 0.09997847357996671
-1.35 1.35 0.9582154027501182 0.0 0.38579182722099914 0.09997847357996671
-1.35 0.6394736866541207 0.9582154027501182 0.0 0.38579182722099914 0.09997847357996671
-1.35 -0.07105262669175864 0.9582154027501182 0.0 0.38579182722099914 0.09997847357996671
-1.35 -0.07105262669175864 0.9582154027501182 0.0 0.38579182722099914 0.09997847357996671
-1.1368421388268473 -0.07105262669175864 0.9582154027501182 0.0 0.38579182722099914 0.09997847357996671
-0.9236842776536943 -0.07105262669175864 0.9582154027501182 0.0 0.38579182722099914 0.09997847357996671
-0.9236842776536943 -0.07105262669175864 0.9582154027501182 0.0 0.38579182722099914 0.09997847357996671
-0.9236842776536943 -0.07105262669175864 0.9582154027501182 0.0 0.38579182722099914 0.09997847357996671
-0.9236842776536943 -0.07105262669175864 0.9582154027501182 0.0 0.38579182722099914 0.09997847357996671
-0.9236842776536943 -0.07105262669175864 1.1185813918550531 0.0 0.38579182722099914 0.09997847357996671
-0.9236842776536943 -0.07105262669175864 1.2789473809599878 0.0 0.38579182722099914 0.09997847357996671
