-1.279560651830942 -0.8060900825798865 0.9349209730008627 0.0 -0.2136355810612365 1.024201022758409
-1.314780325915471 -0.8060900825798865 0.9349209730008627 0.0 -0.2136355810612365 1.024201022758409
-1.35 -0.8060900825798865 0.9349209730008627 0.0 -0.2136355810612365 1.024201022758409
-1.35 -0.8060900825798865 0.9349209730008627 0.0 -0.2136355810612365 1.024201022758409
-1.35 -0.8060900825798865 0.9349209730008627 0.0 -0.2136355810612365 1.024201022758409
-1.35 -0.8060900825798865 0.9349209730008627 0.0 -0.2136355810612365 1.024201022758409
-1.35 -1.0780450412899434 0.9349209730008627 0.0 -0.2136355810612365 1.024201022758409
-1.35 -1.35 0.9349209730008627 0.0 -0.2136355810612365 1.024201022758409
-1.35 -1.35 0.9349209730008627 0.0 -0.2136355810612365 1.024201022758409
-1.0657895020842554 -1.35 0.9349209730008627 0.0 -0.2136355810612365 1.024201022758409
-0.7815790041685106 -1.35 0.9349209730008627 0.0 -0.2136355810612365 1.024201022758409
-0.7815790041685106 -1.35 0.9349209730008627 0.0 -0.2136355810612365 1.024201022758409
-0.7815790041685106 -1.35 0.9349209730008627 0.0 -0.2136355810612365 1.024201022758409
-0.7815790041685106 -1.35 0.9349209730008627 0.0 -0.2136355810612365 1.024201022758409
-0.7815790041685106 -1.2078947353661063 0.9349209730008627 0.0 -0.2136355810612365 1.024201022758409
-0.7815790041685106 -1.0657894707322122 0.9349209730008627 0.0 -0.2136355810612365 1.024201022758409
-0.7815790041685106 -1.0657894707322122 0.9349209730008627 0.0 -0.2136355810612365 1.024201022758409
-0.7815790041685106 -1.0657894707322122 0.9349209730008627 0.0 -0.2136355810612365 1.024201022758409
-0.7815790041685106 -1.0657894707322122 0.9349209730008627 0.0 -0.2136355810612365 1.024201022758409
-0.7815790041685106 -1.0657894707322122 0.8227236702133907 0.0 -0.2136355810612365 1.024201022758409
-0.7815790041685106 -1.0657894707322122 0.7105263674259187 0.0 -0.2136355810612365 1.024201022758409
