-1.3047119833718706 -0.5413145611761674 0.6808046064429708 0.0 -0.03785086310932149 2.3452893193836926
-1.3273559916859354 -0.5413145611761674 0.6808046064429708 0.0 -0.03785086310932149 2.3452893193836926
-1.35 -0.5413145611761674 0.6808046064429708 0.0 -0.03785086310932149 2.3452893193836926
-1.35 -0.5413145611761674 0.6808046064429708 0.0 -0.03785086310932149 2.3452893193836926
-1.35 -0.5413145611761674 0.6808046064429708 0.0 -0.03785086310932149 2.3452893193836926
-1.35 -0.5413145611761674 0.6808046064429708 0.0 -0.03785086310932149 2.3452893193836926
-1.35 -0.9456572805880837 0.6808046064429708 0.0 -0.03785086310932149 2.3452893193836926
-1.35 -1.35 0.6808046064429708 0.0 -0.03785086310932149 2.3452893193836926
-1.35 -1.35 0.6808046064429708 0.0 -0.03785086310932149 2.3452893193836926
0.0 -1.35 0.6808046064429708 0.0 -0.03785086310932149 2.3452893193836926
1.35 -1.35 0.6808046064429708 0.0 -0.03785086310932149 2.3452893193836926
1.35 -1.3495000000000001 0.6808046064429708 0.0 -0.03785086310932149 2.3452893193836926
1.35 -1.3490000000000002 0.6808046064429708 0.0 -0.03785086310932149 2.3452893193836926
1.35 -1.3490000000000002 0.6808046064429708 0.0 -0.03785086310932149 2.3452893193836926
1.3495000000000001 -1.3490000000000002 0.6808046064429708 0.0 -0.03785086310932149 2.3452893193836926
1.3490000000000002 -1.3490000000000002 0.6808046064429708 0.0 -0.03785086310932149 2.3452893193836926
1.3490000000000002 -1.3490000000000002 0.6808046064429708 0.0 -0.03785086310932149 2.3452893193836926
1.3490000000000002 -1.3490000000000002 0.6808046064429708 0.0 -0.03785086310932149 2.3452893193836926
1.3490000000000002 -1.3490000000000002 0.6808046064429708 0.0 -0.03785086310932149 2.3452893193836926
1.3490000000000002 -1.3490000000000002 0.6956654869344447 0.0 -0.03785086310932149 2.3452893193836926
1.3490000000000002 -1.3490000000000002 0.7105263674259187 0.0 -0.03785086310932149 2.3452893193836926
