-0.9097766979799898 -0.06020998595936991 1.142901514279285 0.0 -0.1509236018276164 0.927297307971153
-1.129888348989995 -0.06020998595936991 1.142901514279285 0.0 -0.1509236018276164 0.927297307971153
-1.35 -0.06020998595936991 1.142901514279285 0.0 -0.1509236018276164 0.927297307971153
-1.35 -0.06020998595936991 1.142901514279285 0.0 -0.1509236018276164 0.927297307971153
-1.35 -0.06020998595936991 1.142901514279285 0.0 -0.1509236018276164 0.927297307971153
-1.35 -0.06020998595936991 1.142901514279285 0.0 -0.1509236018276164 0.927297307971153
-1.35 -0.562999728345791 1.142901514279285 0.0 -0.1509236018276164 0.927297307971153
-1.35 -1.0657894707322122 1.142901514279285 0.0 -0.1509236018276164 0.927297307971153
-1.35 -1.0657894707322122 1.142901514279285 0.0 -0.1509236018276164 0.927297307971153
-1.2078947353661063 -1.0657894707322122 1.142901514279285 0.0 -0.1509236018276164 0.927297307971153
-1.0657894707322122 -1.0657894707322122 1.142901514279285 0.0 -0.1509236018276164 0.927297307971153
-1.0657894707322122 -1.0657894707322122 1.142901514279285 0.0 -0.1509236018276164 0.927297307971153
-1.0657894707322122 -1.0657894707322122 1.142901514279285 0.0 -0.1509236018276164 0.927297307971153
-1.0657894707322122 -1.0657894707322122 1.142901514279285 0.0 -0.1509236018276164 0.927297307971153
-1.0657894707322122 -1.0657894707322122 0.926713940852602 0.0 -0.1509236018276164 0.927297307971153
-1.0657894707322122 -1.0657894707322122 0.7105263674259187 0.0 -0.1509236018276164 0.927297307971153
