-0.8097807120802948 -1.016089697178578 0.6904099244664273 0.0 -0.12357880461818531 0.8305997488749063
-0.8097807120802948 -1.016089697178578 0.6904099244664273 0.0 -0.12357880461818531 0.8305997488749063
-0.8097807120802948 -1.016089697178578 0.6904099244664273 0.0 -0.12357880461818531 0.8305997488749063
-0.8097807120802948 -1.183044848589289 0.6904099244664273 0.0 -0.12357880461818531 0.8305997488749063
-0.8097807120802948 -1.35 0.6904099244664273 0.0 -0.12357880461818531 0.8305997488749063
-0.8097807120802948 -1.35 0.6904099244664273 0.0 -0.12357880461818531 0.8305997488749063
-1.0798903560401474 -1.35 0.6904099244664273 0.0 -0.12357880461818531 0.8305997488749063
-1.35 -1.35 0.6904099244664273 0.0 -0.12357880461818531 0.8305997488749063
-1.35 -1.35 0.6904099244664273 0.0 -0.12357880461818531 0.8305997488749063
-1.35 -1.35 0.6904099244664273 0.0 -0.12357880461818531 0.8305997488749063
-1.35 -1.35 0.6904099244664273 0.0 -0.12357880461818531 0.8305997488749063
-1.35 -1.2078947353661063 0.6904099244664273 0.0 -0.12357880461818531 0.8305997488749063
-1.35 -1.0657894707322122 0.6904099244664273 0.0 -0.12357880461818531 0.8305997488749063
-1.35 -1.0657894707322122 0.6904099244664273 0.0 -0.12357880461818531 0.8305997488749063
-1.2078947353661063 -1.0657894707322122 0.6904099244664273 0.0 -0.12357880461818531 0.8305997488749063
-1.0657894707322122 -1.0657894707322122 0.6904099244664273 0.0 -0.12357880461818531 0.8305997488749063
-1.0657894707322122 -1.0657894707322122 0.6904099244664273 0.0 -0.12357880461818531 0.8305997488749063
-1.0657894707322122 -1.0657894707322122 0.6904099244664273 0.0 -0.12357880461818531 0.8305997488749063
-1.0657894707322122 -1.0657894707322122 0.6904099244664273 0.0 -0.12357880461818531 0.8305997488749063
-1.0657894707322122 -1.0657894707322122 0.700468145946173 0.0 -0.12357880461818531 0.8305997488749063
-1.0657894707322122 -1.0657894707322122 0.7105263674259187 0.0 -0.12357880461818531 0.8305997488749063
