2025-04-14 17:04:13 -1.11314 -1.43719 0.615261 0.11177 -6.03987 44.2788 5.72958
2025-04-14 17:04:23 -1.06569 -1.22813 0.71149 0.263817 -6.18157 40.3569 11.4592
2025-04-14 17:04:42 -1.11539 -1.37581 1.14917 0.534721 -6.29355 40.8523 40.107
2025-04-14 17:06:08 1.32978 0.608682 0.854328 0.599439 -6.24754 -149.499 32.9034
2025-04-14 17:07:15 -0.742547 0.934835 1.33736 0.464002 -6.30513 -43.4605 37.7534
2025-04-14 17:08:05 0.386084 -0.195948 1.07592 0.118859 -6.0293 50.8735 73.0601
2025-04-14 17:09:15 1.00983 0.674934 1.15566 0.842438 -6.103 -126.687 49.7948
2025-04-14 17:10:20 -0.578768 0.97907 0.749419 0.39802 -6.11084 -40.5604 15.8738
2025-04-14 17:11:53 1.09124 -0.371954 1.12323 0.442878 -6.27059 151.577 55.2993
2025-04-14 17:13:22 -1.36786 1.38811 0.732641 0.0672547 -5.88636 -29.3805 13.1053
2025-04-14 17:15:07 1.39387 -0.305995 0.985649 0.247336 -6.21476 163.734 25.2458
2025-04-14 17:16:38 -0.608309 1.02573 0.774451 0.962809 -5.77076 -43.9866 23.2841
2025-04-14 17:18:19 1.2654 -0.367688 1.06555 0.742712 -6.19367 151.726 45.5749
2025-04-14 17:19:57 -0.758333 0.769347 1.05089 0.722998 -6.24459 -33.5468 32.398
2025-04-14 17:21:23 0.633293 -0.808154 0.91617 0.504881 -5.88228 108.798 46.1189
2025-04-14 17:22:58 -0.752766 0.635877 0.750274 1.09942 -6.14059 -34.8946 19.9386
