-0.5683159795139588 0.9882949705823253 0.7297388441036341 0.0 0.3056654460212237 -0.7677109967577378
-0.5683159795139588 0.9882949705823253 1.1148694220518172 0.0 0.3056654460212237 -0.7677109967577378
-0.5683159795139588 0.9882949705823253 1.5 0.0 0.3056654460212237 -0.7677109967577378
-0.5683159795139588 0.9882949705823253 1.5 0.0 0.3056654460212237 -0.7677109967577378
0.3197894225550514 0.316515893434683 1.5 0.0 0.3056654460212237 -0.7677109967577378
1.2078948246240617 -0.35526318371295934 1.5 0.0 0.3056654460212237 -0.7677109967577378
1.2078948246240617 -0.35526318371295934 1.5 0.0 0.3056654460212237 -0.7677109967577378
1.2078948246240617 -0.35526318371295934 1.3315789446632067 0.0 0.4689212568308049 0.41512103733540306
1.2078948246240617 -0.35526318371295934 1.1631578893264136 0.0 0.6321770676403862 1.597953071428544
1.2078948246240617 -0.35526318371295934 0.9947368339896203 0.0 0.7954328784499674 2.780785105521685
