1.282532343361154 0.5802427809709494 0.8100688793223881 0.0 0.4652325219506556 -2.6092497784390027
1.282532343361154 0.5802427809709494 1.155034439661194 0.0 0.4652325219506556 -2.6092497784390027
1.282532343361154 0.5802427809709494 1.5 0.0 0.4652325219506556 -2.6092497784390027
1.282532343361154 0.5802427809709494 1.5 0.0 0.4652325219506556 -2.6092497784390027
0.25047666959632164 0.7519635293123219 1.5 0.0 0.4652325219506556 -2.6092497784390027
-0.7815790041685106 0.9236842776536943 1.5 0.0 0.4652325219506556 -2.6092497784390027
-0.7815790041685106 0.9236842776536943 1.5 0.0 0.4652325219506556 -2.6092497784390027
-0.7815790041685106 0.9236842776536943 1.4263157936533293 0.0 0.5297956083961611 -1.9517896867356157
-0.7815790041685106 0.9236842776536943 1.3526315873066586 0.0 0.5943586948416667 -1.2943295950322287
-0.7815790041685106 0.9236842776536943 1.2789473809599878 0.0 0.6589217812871723 -0.6368695033288415
