-0.7022099442692082 0.8971672285592784 1.2931552386087137 0.0 0.5488758555561571 -0.7585288195629957
-0.7022099442692082 0.8971672285592784 1.3965776193043569 0.0 0.5488758555561571 -0.7585288195629957
-0.7022099442692082 0.8971672285592784 1.5 0.0 0.5488758555561571 -0.7585288195629957
-0.7022099442692082 0.8971672285592784 1.5 0.0 0.5488758555561571 -0.7585288195629957
-0.17347338027812442 0.3420046692165847 1.5 0.0 0.5488758555561571 -0.7585288195629957
0.35526318371295934 -0.21315789012610917 1.5 0.0 0.5488758555561571 -0.7585288195629957
0.35526318371295934 -0.21315789012610917 1.5 0.0 0.5488758555561571 -0.7585288195629957
0.35526318371295934 -0.21315789012610917 1.3315789446632067 0.0 0.7909639591282902 -0.17036807674341126
0.35526318371295934 -0.21315789012610917 1.1631578893264136 0.0 1.0330520627004232 0.41779266607617316
0.35526318371295934 -0.21315789012610917 0.9947368339896203 0.0 1.2751401662725563 1.0059534088957578
