0.9775411104917769 0.6303641371225629 1.1112645617499701 0.0 0.7625657661228585 -2.2111052694740563
0.9775411104917769 0.6303641371225629 1.3056322808749852 0.0 0.7625657661228585 -2.2111052694740563
0.9775411104917769 0.6303641371225629 1.5 0.0 0.7625657661228585 -2.2111052694740563
0.9775411104917769 0.6303641371225629 1.5 0.0 0.7625657661228585 -2.2111052694740563
0.1690337100058915 0.7770242073881286 1.5 0.0 0.7625657661228585 -2.2111052694740563
-0.6394736904799939 0.9236842776536943 1.5 0.0 0.7625657661228585 -2.2111052694740563
-0.6394736904799939 0.9236842776536943 1.5 0.0 0.7625657661228585 -2.2111052694740563
-0.6394736904799939 0.9236842776536943 1.2368421224753061 0.0 0.6007270260379203 -1.7051977742773827
-0.6394736904799939 0.9236842776536943 0.9736842449506125 0.0 0.4388882859529819 -1.1992902790807092
-0.6394736904799939 0.9236842776536943 0.7105263674259187 0.0 0.2770495458680436 -0.6933827838840355
