-0.712027462817398 0.7394006206531164 1.0066292771156728 0.0 0.4564631151240103 -0.5855021135080337
-0.712027462817398 0.7394006206531164 1.2533146385578364 0.0 0.4564631151240103 -0.5855021135080337
-0.712027462817398 0.7394006206531164 1.5 0.0 0.4564631151240103 -0.5855021135080337
-0.712027462817398 0.7394006206531164 1.5 0.0 0.4564631151240103 -0.5855021135080337
-0.03627688616870206 -0.02108919175769708 1.5 0.0 0.4564631151240103 -0.5855021135080337
0.6394736904799939 -0.7815790041685106 1.5 0.0 0.4564631151240103 -0.5855021135080337
0.6394736904799939 -0.7815790041685106 1.5 0.0 0.4564631151240103 -0.5855021135080337
0.6394736904799939 -0.7815790041685106 1.2842105201681455 0.0 0.5726177943523655 0.2810840073878207
0.6394736904799939 -0.7815790041685106 1.068421040336291 0.0 0.6887724735807208 1.147670128283675
0.6394736904799939 -0.7815790041685106 0.8526315605044367 0.0 0.804927152809076 2.0142562491795295
