-0.5367283433525912 0.9435452152474197 0.7050269180793373 0.0 0.1703957967405056 -0.707912525925908
-0.5367283433525912 0.9435452152474197 1.1025134590396686 0.0 0.1703957967405056 -0.707912525925908
-0.5367283433525912 0.9435452152474197 1.5 0.0 0.1703957967405056 -0.707912525925908
-0.5367283433525912 0.9435452152474197 1.5 0.0 0.1703957967405056 -0.707912525925908
0.2645305636898104 0.2941410157672302 1.5 0.0 0.1703957967405056 -0.707912525925908
1.0657894707322122 -0.35526318371295934 1.5 0.0 0.1703957967405056 -0.707912525925908
1.0657894707322122 -0.35526318371295934 1.5 0.0 0.1703957967405056 -0.707912525925908
1.0657894707322122 -0.35526318371295934 1.3789473959604899 0.0 0.4353154404756372 0.4385107443034244
1.0657894707322122 -0.35526318371295934 1.25789479192098 0.0 0.7002350842107687 1.5849340145327568
1.0657894707322122 -0.35526318371295934 1.1368421878814698 0.0 0.9651547279459005 2.7313572847620895
