1.3408969822327357 -0.29076356315297464 0.9413560804732384 0.0 0.33215430807874163 2.8576973974603956
1.3408969822327357 -0.29076356315297464 1.2206780402366193 0.0 0.33215430807874163 2.8576973974603956
1.3408969822327357 -0.29076356315297464 1.5 0.0 0.33215430807874163 2.8576973974603956
1.3408969822327357 -0.29076356315297464 1.5 0.0 0.33215430807874163 2.8576973974603956
0.3507116458763708 0.38751295378961875 1.5 0.0 0.33215430807874163 2.8576973974603956
-0.6394736904799939 1.0657894707322122 1.5 0.0 0.33215430807874163 2.8576973974603956
-0.6394736904799939 1.0657894707322122 1.5 0.0 0.33215430807874163 2.8576973974603956
-0.6394736904799939 1.0657894707322122 1.2368421224753061 0.0 0.35689779884864764 1.6128137263653368
-0.6394736904799939 1.0657894707322122 0.9736842449506125 0.0 0.38164128961855365 0.367930055270278
-0.6394736904799939 1.0657894707322122 0.7105263674259187 0.0 0.40638478038845965 -0.8769536158247809
