-1.3200236404938235 1.3612443960094285 0.6880324578649154 0.0 0.12599427150391945 -0.512786460882194
-1.3200236404938235 1.3612443960094285 1.0940162289324578 0.0 0.12599427150391945 -0.512786460882194
-1.3200236404938235 1.3612443960094285 1.5 0.0 0.12599427150391945 -0.512786460882194
-1.3200236404938235 1.3612443960094285 1.5 0.0 0.12599427150391945 -0.512786460882194
0.014488179753088248 0.5029906061482345 1.5 0.0 0.12599427150391945 -0.512786460882194
1.3490000000000002 -0.35526318371295934 1.5 0.0 0.12599427150391945 -0.512786460882194
1.3490000000000002 -0.35526318371295934 1.5 0.0 0.12599427150391945 -0.512786460882194
1.3490000000000002 -0.35526318371295934 1.3315789446632067 0.0 0.230870478200083 0.6079924071942054
1.3490000000000002 -0.35526318371295934 1.1631578893264136 0.0 0.3357466848962465 1.728771275270605
1.3490000000000002 -0.35526318371295934 0.9947368339896203 0.0 0.44062289159241 2.8495501433470043
