1.0425434942068112 -0.34603808189816443 1.0789918319494025 0.0 0.8557124175054691 2.645517720295445
1.0425434942068112 -0.34603808189816443 1.2894959159747013 0.0 0.8557124175054691 2.645517720295445
1.0425434942068112 -0.34603808189816443 1.5 0.0 0.8557124175054691 2.645517720295445
1.0425434942068112 -0.34603808189816443 1.5 0.0 0.8557124175054691 2.645517720295445
-0.15322825289659447 0.5014809590509178 1.5 0.0 0.8557124175054691 2.645517720295445
-1.3490000000000002 1.3490000000000002 1.5 0.0 0.8557124175054691 2.645517720295445
-1.3490000000000002 1.3490000000000002 1.5 0.0 0.8557124175054691 2.645517720295445
-1.3490000000000002 1.3490000000000002 1.2368421224753061 0.0 0.6467183737707941 1.5499874184185158
-1.3490000000000002 1.3490000000000002 0.9736842449506125 0.0 0.43772433003611916 0.4544571165415867
-1.3490000000000002 1.3490000000000002 0.7105263674259187 0.0 0.22873028630144415 -0.6410731853353422
