-1.0739575095458669 -1.33936347879008 1.1049546200235367 0.0 0.5901560339584767 0.7130071420124795
-1.0739575095458669 -1.33936347879008 1.3024773100117684 0.0 0.5901560339584767 0.7130071420124795
-1.0739575095458669 -1.33936347879008 1.5 0.0 0.5901560339584767 0.7130071420124795
-1.0739575095458669 -1.33936347879008 1.5 0.0 0.5901560339584767 0.7130071420124795
0.12703814576646488 -0.37263032830275866 1.5 0.0 0.5901560339584767 0.7130071420124795
1.3280338010787966 0.5941028221845628 1.5 0.0 0.5901560339584767 0.7130071420124795
1.3280338010787966 0.5941028221845628 1.5 0.0 0.5901560339584767 0.7130071420124795
1.3280338010787966 0.5941028221845628 1.268826875646909 0.0 0.5848612937648024 -0.4295996269055693
1.3280338010787966 0.5941028221845628 1.0376537512938182 0.0 0.5795665535711283 -1.572206395823618
1.3280338010787966 0.5941028221845628 0.8064806269407273 0.0 0.574271813377454 -2.714813164741667
