1.2165649329141481 -0.342157525465162 1.0212405078708149 0.0 0.6873321269851665 2.6481182608809166
1.2165649329141481 -0.342157525465162 1.2606202539354074 0.0 0.6873321269851665 2.6481182608809166
1.2165649329141481 -0.342157525465162 1.5 0.0 0.6873321269851665 2.6481182608809166
1.2165649329141481 -0.342157525465162 1.5 0.0 0.6873321269851665 2.6481182608809166
0.21749296437281873 0.2197107393516743 1.5 0.0 0.6873321269851665 2.6481182608809166
-0.7815790041685106 0.7815790041685106 1.5 0.0 0.6873321269851665 2.6481182608809166
-0.7815790041685106 0.7815790041685106 1.5 0.0 0.6873321269851665 2.6481182608809166
-0.7815790041685106 0.7815790041685106 1.3315789446632067 0.0 0.6467055511852425 1.5333255527032261
-0.7815790041685106 0.7815790041685106 1.1631578893264136 0.0 0.6060789753853186 0.41853284452553563
-0.7815790041685106 0.7815790041685106 0.9947368339896203 0.0 0.5654523995853946 -0.6962598636521546
