0.6151979819330128 -0.7563614430282976 0.8715594478459596 0.0 0.7022614988738007 1.8988833195847907
0.6151979819330128 -0.7563614430282976 1.18577972392298 0.0 0.7022614988738007 1.8988833195847907
0.6151979819330128 -0.7563614430282976 1.5 0.0 0.7022614988738007 1.8988833195847907
0.6151979819330128 -0.7563614430282976 1.5 0.0 0.7022614988738007 1.8988833195847907
-0.08319051111774889 -0.05844387627415182 1.5 0.0 0.7022614988738007 1.8988833195847907
-0.7815790041685106 0.6394736904799939 1.5 0.0 0.7022614988738007 1.8988833195847907
-0.7815790041685106 0.6394736904799939 1.5 0.0 0.7022614988738007 1.8988833195847907
-0.7815790041685106 0.6394736904799939 1.2368421224753061 0.0 0.5841726565587867 1.0192240696482107
-0.7815790041685106 0.6394736904799939 0.9736842449506125 0.0 0.46608381424377254 0.1395648197116306
-0.7815790041685106 0.6394736904799939 0.7105263674259187 0.0 0.3479949719287585 -0.7400944302249493
