0.4206948280730431 -0.15323523745997497 1.0314485429033668 0.0 1.169908160245815 0.8879100770133352
0.4206948280730431 -0.15323523745997497 1.2657242714516834 0.0 1.169908160245815 0.8879100770133352
0.4206948280730431 -0.15323523745997497 1.5 0.0 1.169908160245815 0.8879100770133352
0.4206948280730431 -0.15323523745997497 1.5 0.0 1.169908160245815 0.8879100770133352
0.7432421494026276 0.24311922651000945 1.5 0.0 1.169908160245815 0.8879100770133352
1.0657894707322122 0.6394736904799939 1.5 0.0 1.169908160245815 0.8879100770133352
1.0657894707322122 0.6394736904799939 1.5 0.0 1.169908160245815 0.8879100770133352
1.0657894707322122 0.6394736904799939 1.3789473959604899 0.0 1.0696330127093894 -0.175435601757163
1.0657894707322122 0.6394736904799939 1.25789479192098 0.0 0.9693578651729639 -1.2387812805276612
1.0657894707322122 0.6394736904799939 1.1368421878814698 0.0 0.8690827176365382 -2.3021269592981595
