-1.0389859780567483 -1.3195706024321532 1.7935647546711722 0.0 0.5844177404437697 0.6422794194046613
-1.0389859780567483 -1.3195706024321532 1.9967823773355862 0.0 0.5844177404437697 0.6422794194046613
-1.0389859780567483 -1.3195706024321532 2.2 0.0 0.5844177404437697 0.6422794194046613
-1.0389859780567483 -1.3195706024321532 2.2 0.0 0.5844177404437697 0.6422794194046613
-0.34186139717189445 -0.4821537093595969 2.2 0.0 0.5844177404437697 0.6422794194046613
0.35526318371295934 0.35526318371295934 2.2 0.0 0.5844177404437697 0.6422794194046613
0.35526318371295934 0.35526318371295934 2.2 0.0 0.5844177404437697 0.6422794194046613
0.35526318371295934 0.35526318371295934 1.7982456113298735 0.0 0.7480287787777052 -0.2989364258347541
0.35526318371295934 0.35526318371295934 1.3964912226597468 0.0 0.9116398171116407 -1.2401522710741695
0.35526318371295934 0.35526318371295934 0.9947368339896203 0.0 1.0752508554455762 -2.1813681163135845
