2025-02-06 18:49:26 -1.15311 -1.09991 0.72523 -0.956716 -7.77084 49.4173 -25.7831
2025-02-06 18:49:37 -1.09352 -0.770998 0.811674 -1.1038 -7.54532 40.6452 -17.1887
2025-02-06 18:49:54 -1.05318 -0.695823 1.23511 -0.837282 -7.80718 40.2965 0
2025-02-06 18:50:45 -0.798987 0.295287 1.13604 -0.861348 -7.9344 -22.3361 7.57706
2025-02-06 18:51:48 -1.04273 -1.0059 0.558773 -0.992714 -8.18085 45.0991 -5.60405
2025-02-06 18:52:49 -0.505721 -0.082698 1.0708 -1.03651 -7.17824 -3.74896 50.2064
2025-02-06 18:53:59 0.0539751 -0.828158 0.90642 -0.235663 -8.19565 97.9951 13.6767
2025-02-06 18:55:31 0.754494 0.799314 0.797306 -1.31107 -8.84383 -130.159 -2.79564
2025-02-06 18:57:15 -0.81266 -0.829962 0.814514 -1.25367 -8.80776 47.2191 12.7556
2025-02-06 18:59:01 1.00522 1.03651 0.775146 -0.647664 -8.30677 -135.61 6.42891
2025-02-06 19:00:33 -0.988929 -0.812622 0.606655 -1.21918 -7.87644 42.8762 -10.5997
2025-02-06 19:01:05 -0.865641 -0.912486 0.667899 -1.13913 -8.23728 42.2016 7.03788
2025-02-06 19:01:34 -0.77549 -0.974861 0.634565 -1.41622 -7.85486 55.1188 -2.07267
2025-02-06 19:02:37 -0.928762 -0.11339 1.11658 -0.825196 -8.05808 16.1666 26.38
2025-02-06 19:03:38 -0.418329 -0.726927 1.06288 -1.24778 -8.15846 62.6027 30.0521
2025-02-06 19:04:20 -0.608412 -0.968734 1.02884 -1.24672 -8.34216 56.5684 15.792
2025-02-06 19:05:30 -0.715478 0.361051 0.973031 -0.485085 -8.16623 -29.3794 27.2587
2025-02-06 19:07:14 0.945909 -0.996896 0.642905 -1.19632 -8.38116 135.397 -3.06922
2025-02-06 19:08:30 0.95558 0.239734 1.01211 -0.965432 -8.68238 -163.169 14.0272
