0.04630398913239675 -0.7720627328707462 0.8640587551675519 0.0 -0.048793146239909484 -2.2848635035378537
0.04630398913239675 -0.7720627328707462 0.8640587551675519 0.0 -0.048793146239909484 -2.2848635035378537
0.04630398913239675 -0.7720627328707462 0.8640587551675519 0.0 -0.048793146239909484 -2.2848635035378537
0.04630398913239675 -0.8860313664353732 0.8640587551675519 0.0 -0.048793146239909484 -2.2848635035378537
0.04630398913239675 -1.0 0.8640587551675519 0.0 -0.048793146239909484 -2.2848635035378537
0.04630398913239675 -1.0 0.8640587551675519 0.0 -0.048793146239909484 -2.2848635035378537
0.5231519945661984 -1.0 0.8640587551675519 0.0 -0.048793146239909484 -2.2848635035378537
1.0 -1.0 0.8640587551675519 0.0 -0.048793146239909484 -2.2848635035378537
1.0 -1.0 0.8640587551675519 0.0 -0.048793146239909484 -2.2848635035378537
1.0 -1.0 0.8640587551675519 0.0 -0.048793146239909484 -2.2848635035378537
1.0 -1.0 0.8640587551675519 0.0 -0.048793146239909484 -2.2848635035378537
1.0 -0.10526318633556364 0.8640587551675519 0.0 -0.048793146239909484 -2.2848635035378537
1.0 0.7894736273288727 0.8640587551675519 0.0 -0.048793146239909484 -2.2848635035378537
1.0 0.7894736273288727 0.8640587551675519 0.0 -0.048793146239909484 -2.2848635035378537
0.8947368136644364 0.7894736273288727 0.8640587551675519 0.0 -0.048793146239909484 -2.2848635035378537
0.7894736273288727 0.7894736273288727 0.8640587551675519 0.0 -0.048793146239909484 -2.2848635035378537
0.7894736273288727 0.7894736273288727 0.8640587551675519 0.0 -0.048793146239909484 -2.2848635035378537
0.7894736273288727 0.7894736273288727 0.8640587551675519 0.0 -0.048793146239909484 -2.2848635035378537
0.7894736273288727 0.7894736273288727 0.8640587551675519 0.0 -0.048793146239909484 -2.2848635035378537
0.7894736273288727 0.7894736273288727 0.8004504096250873 0.0 -0.048793146239909484 -2.2848635035378537
0.7894736273288727 0.7894736273288727 0.7368420640826225 0.0 -0.048793146239909484 -2.2848635035378537
