-0.5762528277078878 -0.9219951268266942 0.9866349603486043 0.0 0.47575457096146934 -0.47835023215111167
-0.5762528277078878 -0.9219951268266942 0.9866349603486043 0.0 0.47575457096146934 -0.47835023215111167
-0.5762528277078878 -0.9219951268266942 0.9866349603486043 0.0 0.47575457096146934 -0.47835023215111167
-0.5762528277078878 -0.9609975634133471 0.9866349603486043 0.0 0.47575457096146934 -0.47835023215111167
-0.5762528277078878 -1.0 0.9866349603486043 0.0 0.47575457096146934 -0.47835023215111167
-0.5762528277078878 -1.0 0.9866349603486043 0.0 0.47575457096146934 -0.47835023215111167
-0.7881264138539439 -1.0 0.9866349603486043 0.0 0.47575457096146934 -0.47835023215111167
-1.0 -1.0 0.9866349603486043 0.0 0.47575457096146934 -0.47835023215111167
-1.0 -1.0 0.9866349603486043 0.0 0.47575457096146934 -0.47835023215111167
-1.0 -1.0 0.9866349603486043 0.0 0.47575457096146934 -0.47835023215111167
-1.0 -1.0 0.9866349603486043 0.0 0.47575457096146934 -0.47835023215111167
-1.0 -0.32634611994028095 0.9866349603486043 0.0 0.47575457096146934 -0.47835023215111167
-1.0 0.34730776011943815 0.9866349603486043 0.0 0.47575457096146934 -0.47835023215111167
-1.0 0.34730776011943815 0.9866349603486043 0.0 0.47575457096146934 -0.47835023215111167
-0.8399424554705619 0.34730776011943815 0.9866349603486043 0.0 0.47575457096146934 -0.47835023215111167
-0.6798849109411239 0.34730776011943815 0.9866349603486043 0.0 0.47575457096146934 -0.47835023215111167
-0.6798849109411239 0.34730776011943815 0.9866349603486043 0.0 0.47575457096146934 -0.47835023215111167
-0.6798849109411239 0.34730776011943815 0.9866349603486043 0.0 0.47575457096146934 -0.47835023215111167
-0.6798849109411239 0.34730776011943815 0.9866349603486043 0.0 0.47575457096146934 -0.47835023215111167
-0.6798849109411239 0.34730776011943815 0.9913657720959177 0.0 0.47575457096146934 -0.47835023215111167
-0.6798849109411239 0.34730776011943815 0.9960965838432312 0.0 0.47575457096146934 -0.47835023215111167
