-1.0021598896989148 -0.9664165099340043 0.5164041415970857 0.0 0.8762664914063248 -0.08143564918891762
-1.0010799448494574 -0.9664165099340043 0.5164041415970857 0.0 0.8762664914063248 -0.08143564918891762
-1.0 -0.9664165099340043 0.5164041415970857 0.0 0.8762664914063248 -0.08143564918891762
-1.0 -0.9664165099340043 0.5164041415970857 0.0 0.8762664914063248 -0.08143564918891762
-1.0 -0.9664165099340043 0.5164041415970857 0.0 0.8762664914063248 -0.08143564918891762
-1.0 -0.9664165099340043 0.5164041415970857 0.0 0.8762664914063248 -0.08143564918891762
-1.0 -0.5095240403116923 0.5164041415970857 0.0 0.8762664914063248 -0.08143564918891762
-1.0 -0.05263157068938017 0.5164041415970857 0.0 0.8762664914063248 -0.08143564918891762
-1.0 -0.05263157068938017 0.5164041415970857 0.0 0.8762664914063248 -0.08143564918891762
-0.7894736871719361 -0.05263157068938017 0.5164041415970857 0.0 0.8762664914063248 -0.08143564918891762
-0.5789473743438721 -0.05263157068938017 0.5164041415970857 0.0 0.8762664914063248 -0.08143564918891762
-0.5789473743438721 -0.05263157068938017 0.5164041415970857 0.0 0.8762664914063248 -0.08143564918891762
-0.5789473743438721 -0.05263157068938017 0.5164041415970857 0.0 0.8762664914063248 -0.08143564918891762
-0.5789473743438721 -0.05263157068938017 0.5164041415970857 0.0 0.8762664914063248 -0.08143564918891762
-0.5789473743438721 -0.05263157068938017 0.837149445142415 0.0 0.8762664914063248 -0.08143564918891762
-0.5789473743438721 -0.05263157068938017 1.1578947486877442 0.0 0.8762664914063248 -0.08143564918891762
