-0.8230104364785009 -0.8751706319676281 0.6255882642175999 0.0 -0.03617487520400034 0.9032280141272421
-0.8230104364785009 -0.8751706319676281 0.6255882642175999 0.0 -0.03617487520400034 0.9032280141272421
-0.8230104364785009 -0.8751706319676281 0.6255882642175999 0.0 -0.03617487520400034 0.9032280141272421
-0.8230104364785009 -0.9375853159838141 0.6255882642175999 0.0 -0.03617487520400034 0.9032280141272421
-0.8230104364785009 -1.0 0.6255882642175999 0.0 -0.03617487520400034 0.9032280141272421
-0.8230104364785009 -1.0 0.6255882642175999 0.0 -0.03617487520400034 0.9032280141272421
-0.7965930856482413 -1.0 0.6255882642175999 0.0 -0.03617487520400034 0.9032280141272421
-0.7701757348179817 -1.0 0.6255882642175999 0.0 -0.03617487520400034 0.9032280141272421
-0.7701757348179817 -1.0 0.6255882642175999 0.0 -0.03617487520400034 0.9032280141272421
-0.7701757348179817 -1.0 0.6255882642175999 0.0 -0.03617487520400034 0.9032280141272421
-0.7701757348179817 -1.0 0.6255882642175999 0.0 -0.03617487520400034 0.9032280141272421
-0.7701757348179817 -0.9773935168087482 0.6255882642175999 0.0 -0.03617487520400034 0.9032280141272421
-0.7701757348179817 -0.9547870336174965 0.6255882642175999 0.0 -0.03617487520400034 0.9032280141272421
-0.7701757348179817 -0.9547870336174965 0.6255882642175999 0.0 -0.03617487520400034 0.9032280141272421
-0.7701757348179817 -0.9547870336174965 0.6255882642175999 0.0 -0.03617487520400034 0.9032280141272421
-0.7701757348179817 -0.9547870336174965 0.6255882642175999 0.0 -0.03617487520400034 0.9032280141272421
-0.7701757348179817 -0.9547870336174965 0.623184116209857 0.0 -0.03617487520400034 0.9032280141272421
-0.7701757348179817 -0.9547870336174965 0.6207799682021141 0.0 -0.03617487520400034 0.9032280141272421
