0.9008028662849628 0.2240436261522854 0.9702378399114175 0.0 0.2942257021987911 -0.48096560632526575
0.9504014331424814 0.2240436261522854 0.9702378399114175 0.0 0.2942257021987911 -0.48096560632526575
1.0 0.2240436261522854 0.9702378399114175 0.0 0.2942257021987911 -0.48096560632526575
1.0 0.2240436261522854 0.9702378399114175 0.0 0.2942257021987911 -0.48096560632526575
1.0 0.2240436261522854 0.9702378399114175 0.0 0.2942257021987911 -0.48096560632526575
1.0 0.2240436261522854 0.9702378399114175 0.0 0.2942257021987911 -0.48096560632526575
1.0 0.6120218130761428 0.9702378399114175 0.0 0.2942257021987911 -0.48096560632526575
1.0 1.0 0.9702378399114175 0.0 0.2942257021987911 -0.48096560632526575
1.0 1.0 0.9702378399114175 0.0 0.2942257021987911 -0.48096560632526575
0.0 1.0 0.9702378399114175 0.0 0.2942257021987911 -0.48096560632526575
-1.0 1.0 0.9702378399114175 0.0 0.2942257021987911 -0.48096560632526575
-1.0 0.7647816690206528 0.9702378399114175 0.0 0.2942257021987911 -0.48096560632526575
-1.0 0.5295633380413055 0.9702378399114175 0.0 0.2942257021987911 -0.48096560632526575
-1.0 0.5295633380413055 0.9702378399114175 0.0 0.2942257021987911 -0.48096560632526575
-0.9995 0.5295633380413055 0.9702378399114175 0.0 0.2942257021987911 -0.48096560632526575
-0.999 0.5295633380413055 0.9702378399114175 0.0 0.2942257021987911 -0.48096560632526575
-0.999 0.5295633380413055 0.9702378399114175 0.0 0.2942257021987911 -0.48096560632526575
-0.999 0.5295633380413055 0.9702378399114175 0.0 0.2942257021987911 -0.48096560632526575
-0.999 0.5295633380413055 0.9702378399114175 0.0 0.2942257021987911 -0.48096560632526575
-0.999 0.5295633380413055 0.944494167165973 0.0 0.2942257021987911 -0.48096560632526575
-0.999 0.5295633380413055 0.9187504944205284 0.0 0.2942257021987911 -0.48096560632526575
