-1.0097458068952083 -0.6599506425546685 1.1923707342055336 0.0 0.1322447313636729 -0.40819042063821587
-1.004872903447604 -0.6599506425546685 1.1923707342055336 0.0 0.1322447313636729 -0.40819042063821587
-1.0 -0.6599506425546685 1.1923707342055336 0.0 0.1322447313636729 -0.40819042063821587
-1.0 -0.6599506425546685 1.1923707342055336 0.0 0.1322447313636729 -0.40819042063821587
-1.0 -0.6599506425546685 1.1923707342055336 0.0 0.1322447313636729 -0.40819042063821587
-1.0 -0.6599506425546685 1.1923707342055336 0.0 0.1322447313636729 -0.40819042063821587
-1.0 -0.19839636850292874 1.1923707342055336 0.0 0.1322447313636729 -0.40819042063821587
-1.0 0.26315790554881097 1.1923707342055336 0.0 0.1322447313636729 -0.40819042063821587
-1.0 0.26315790554881097 1.1923707342055336 0.0 0.1322447313636729 -0.40819042063821587
-0.8947368136644364 0.26315790554881097 1.1923707342055336 0.0 0.1322447313636729 -0.40819042063821587
-0.7894736273288727 0.26315790554881097 1.1923707342055336 0.0 0.1322447313636729 -0.40819042063821587
-0.7894736273288727 0.26315790554881097 1.1923707342055336 0.0 0.1322447313636729 -0.40819042063821587
-0.7894736273288727 0.26315790554881097 1.1923707342055336 0.0 0.1322447313636729 -0.40819042063821587
-0.7894736273288727 0.26315790554881097 1.1923707342055336 0.0 0.1322447313636729 -0.40819042063821587
-0.7894736273288727 0.26315790554881097 1.1225011782003889 0.0 0.1322447313636729 -0.40819042063821587
-0.7894736273288727 0.26315790554881097 1.0526316221952439 0.0 0.1322447313636729 -0.40819042063821587
