-0.666369316336622 0.3329171478788 0.930642044437581 0.0 -0.053568035070031036 2.3386783926406514
-0.833184658168311 0.3329171478788 0.930642044437581 0.0 -0.053568035070031036 2.3386783926406514
-1.0 0.3329171478788 0.930642044437581 0.0 -0.053568035070031036 2.3386783926406514
-1.0 0.3329171478788 0.930642044437581 0.0 -0.053568035070031036 2.3386783926406514
-1.0 0.3329171478788 0.930642044437581 0.0 -0.053568035070031036 2.3386783926406514
-1.0 0.3329171478788 0.930642044437581 0.0 -0.053568035070031036 2.3386783926406514
-1.0 -0.3335414260606 0.930642044437581 0.0 -0.053568035070031036 2.3386783926406514
-1.0 -1.0 0.930642044437581 0.0 -0.053568035070031036 2.3386783926406514
-1.0 -1.0 0.930642044437581 0.0 -0.053568035070031036 2.3386783926406514
-0.04390276679396632 -1.0 0.930642044437581 0.0 -0.053568035070031036 2.3386783926406514
0.9121944664120674 -1.0 0.930642044437581 0.0 -0.053568035070031036 2.3386783926406514
0.9121944664120674 -1.0 0.930642044437581 0.0 -0.053568035070031036 2.3386783926406514
0.9121944664120674 -1.0 0.930642044437581 0.0 -0.053568035070031036 2.3386783926406514
0.9121944664120674 -1.0 0.930642044437581 0.0 -0.053568035070031036 2.3386783926406514
0.9121944664120674 -0.9895086399912834 0.930642044437581 0.0 -0.053568035070031036 2.3386783926406514
0.9121944664120674 -0.9790172799825668 0.930642044437581 0.0 -0.053568035070031036 2.3386783926406514
0.9121944664120674 -0.9790172799825668 0.930642044437581 0.0 -0.053568035070031036 2.3386783926406514
0.9121944664120674 -0.9790172799825668 0.930642044437581 0.0 -0.053568035070031036 2.3386783926406514
0.9121944664120674 -0.9790172799825668 0.930642044437581 0.0 -0.053568035070031036 2.3386783926406514
0.9121944664120674 -0.9790172799825668 0.765478518671122 0.0 -0.053568035070031036 2.3386783926406514
0.9121944664120674 -0.9790172799825668 0.6003149929046631 0.0 -0.053568035070031036 2.3386783926406514
