-0.8742818615252406 -0.09834623220197315 1.0740876528983148 0.0 0.5245087547522026 1.0961903838239289
-0.9371409307626203 -0.09834623220197315 1.0740876528983148 0.0 0.5245087547522026 1.0961903838239289
-1.0 -0.09834623220197315 1.0740876528983148 0.0 0.5245087547522026 1.0961903838239289
-1.0 -0.09834623220197315 1.0740876528983148 0.0 0.5245087547522026 1.0961903838239289
-1.0 -0.09834623220197315 1.0740876528983148 0.0 0.5245087547522026 1.0961903838239289
-1.0 -0.09834623220197315 1.0740876528983148 0.0 0.5245087547522026 1.0961903838239289
-1.0 -0.5491731161009866 1.0740876528983148 0.0 0.5245087547522026 1.0961903838239289
-1.0 -1.0 1.0740876528983148 0.0 0.5245087547522026 1.0961903838239289
-1.0 -1.0 1.0740876528983148 0.0 0.5245087547522026 1.0961903838239289
-0.6842105160206556 -1.0 1.0740876528983148 0.0 0.5245087547522026 1.0961903838239289
-0.36842103204131127 -1.0 1.0740876528983148 0.0 0.5245087547522026 1.0961903838239289
-0.36842103204131127 -1.0 1.0740876528983148 0.0 0.5245087547522026 1.0961903838239289
-0.36842103204131127 -1.0 1.0740876528983148 0.0 0.5245087547522026 1.0961903838239289
-0.36842103204131127 -1.0 1.0740876528983148 0.0 0.5245087547522026 1.0961903838239289
-0.36842103204131127 -0.8421052504181862 1.0740876528983148 0.0 0.5245087547522026 1.0961903838239289
-0.36842103204131127 -0.6842105008363724 1.0740876528983148 0.0 0.5245087547522026 1.0961903838239289
-0.36842103204131127 -0.6842105008363724 1.0740876528983148 0.0 0.5245087547522026 1.0961903838239289
-0.36842103204131127 -0.6842105008363724 1.0740876528983148 0.0 0.5245087547522026 1.0961903838239289
-0.36842103204131127 -0.6842105008363724 1.0740876528983148 0.0 0.5245087547522026 1.0961903838239289
-0.36842103204131127 -0.6842105008363724 1.0633596375467793 0.0 0.5245087547522026 1.0961903838239289
-0.36842103204131127 -0.6842105008363724 1.0526316221952439 0.0 0.5245087547522026 1.0961903838239289
