-0.3913229669588269 -0.6771872312588775 1.020493332462215 0.0 0.275621636439131 1.0123265669020558
-0.3913229669588269 -0.6771872312588775 1.020493332462215 0.0 0.275621636439131 1.0123265669020558
-0.3913229669588269 -0.6771872312588775 1.020493332462215 0.0 0.275621636439131 1.0123265669020558
-0.3913229669588269 -0.8385936156294387 1.020493332462215 0.0 0.275621636439131 1.0123265669020558
-0.3913229669588269 -1.0 1.020493332462215 0.0 0.275621636439131 1.0123265669020558
-0.3913229669588269 -1.0 1.020493332462215 0.0 0.275621636439131 1.0123265669020558
-0.5153764292725653 -1.0 1.020493332462215 0.0 0.275621636439131 1.0123265669020558
-0.6394298915863037 -1.0 1.020493332462215 0.0 0.275621636439131 1.0123265669020558
-0.6394298915863037 -1.0 1.020493332462215 0.0 0.275621636439131 1.0123265669020558
-0.6394298915863037 -1.0 1.020493332462215 0.0 0.275621636439131 1.0123265669020558
-0.6394298915863037 -1.0 1.020493332462215 0.0 0.275621636439131 1.0123265669020558
-0.6394298915863037 -0.9777823756933213 1.020493332462215 0.0 0.275621636439131 1.0123265669020558
-0.6394298915863037 -0.9555647513866424 1.020493332462215 0.0 0.275621636439131 1.0123265669020558
-0.6394298915863037 -0.9555647513866424 1.020493332462215 0.0 0.275621636439131 1.0123265669020558
-0.6394298915863037 -0.9555647513866424 1.020493332462215 0.0 0.275621636439131 1.0123265669020558
-0.6394298915863037 -0.9555647513866424 1.020493332462215 0.0 0.275621636439131 1.0123265669020558
-0.6394298915863037 -0.9555647513866424 1.0289940645479678 0.0 0.275621636439131 1.0123265669020558
-0.6394298915863037 -0.9555647513866424 1.0374947966337205 0.0 0.275621636439131 1.0123265669020558
