0.9062349848209643 -0.9563018210671693 0.6007376529605788 0.0 0.2448209164928215 -2.8400959060351405
0.9062349848209643 -0.9563018210671693 0.6007376529605788 0.0 0.2448209164928215 -2.8400959060351405
0.9062349848209643 -0.9563018210671693 0.6007376529605788 0.0 0.2448209164928215 -2.8400959060351405
0.9062349848209643 -0.9781509105335846 0.6007376529605788 0.0 0.2448209164928215 -2.8400959060351405
0.9062349848209643 -1.0 0.6007376529605788 0.0 0.2448209164928215 -2.8400959060351405
0.9062349848209643 -1.0 0.6007376529605788 0.0 0.2448209164928215 -2.8400959060351405
0.9531174924104822 -1.0 0.6007376529605788 0.0 0.2448209164928215 -2.8400959060351405
1.0 -1.0 0.6007376529605788 0.0 0.2448209164928215 -2.8400959060351405
1.0 -1.0 0.6007376529605788 0.0 0.2448209164928215 -2.8400959060351405
1.0 -1.0 0.6007376529605788 0.0 0.2448209164928215 -2.8400959060351405
1.0 -1.0 0.6007376529605788 0.0 0.2448209164928215 -2.8400959060351405
1.0 -0.36842104722559454 0.6007376529605788 0.0 0.2448209164928215 -2.8400959060351405
1.0 0.26315790554881097 0.6007376529605788 0.0 0.2448209164928215 -2.8400959060351405
1.0 0.26315790554881097 0.6007376529605788 0.0 0.2448209164928215 -2.8400959060351405
0.9995 0.26315790554881097 0.6007376529605788 0.0 0.2448209164928215 -2.8400959060351405
0.999 0.26315790554881097 0.6007376529605788 0.0 0.2448209164928215 -2.8400959060351405
0.999 0.26315790554881097 0.6007376529605788 0.0 0.2448209164928215 -2.8400959060351405
0.999 0.26315790554881097 0.6007376529605788 0.0 0.2448209164928215 -2.8400959060351405
0.999 0.26315790554881097 0.6007376529605788 0.0 0.2448209164928215 -2.8400959060351405
0.999 0.26315790554881097 0.8266846375779113 0.0 0.2448209164928215 -2.8400959060351405
0.999 0.26315790554881097 1.0526316221952439 0.0 0.2448209164928215 -2.8400959060351405
