-0.9468894501098309 -0.7750406855385008 0.5639897794054934 0.0 0.12283419090619875 0.7156627161417985
-0.9734447250549154 -0.7750406855385008 0.5639897794054934 0.0 0.12283419090619875 0.7156627161417985
-1.0 -0.7750406855385008 0.5639897794054934 0.0 0.12283419090619875 0.7156627161417985
-1.0 -0.7750406855385008 0.5639897794054934 0.0 0.12283419090619875 0.7156627161417985
-1.0 -0.7750406855385008 0.5639897794054934 0.0 0.12283419090619875 0.7156627161417985
-1.0 -0.7750406855385008 0.5639897794054934 0.0 0.12283419090619875 0.7156627161417985
-1.0 -0.8158912021239848 0.5639897794054934 0.0 0.12283419090619875 0.7156627161417985
-1.0 -0.8567417187094688 0.5639897794054934 0.0 0.12283419090619875 0.7156627161417985
-1.0 -0.8567417187094688 0.5639897794054934 0.0 0.12283419090619875 0.7156627161417985
-0.9386630409061909 -0.8567417187094688 0.5639897794054934 0.0 0.12283419090619875 0.7156627161417985
-0.8773260818123817 -0.8567417187094688 0.5639897794054934 0.0 0.12283419090619875 0.7156627161417985
-0.8773260818123817 -0.8567417187094688 0.5639897794054934 0.0 0.12283419090619875 0.7156627161417985
-0.8773260818123817 -0.8567417187094688 0.5639897794054934 0.0 0.12283419090619875 0.7156627161417985
-0.8773260818123817 -0.8567417187094688 0.5639897794054934 0.0 0.12283419090619875 0.7156627161417985
-0.8773260818123817 -0.8567417187094688 0.6492180243992303 0.0 0.12283419090619875 0.7156627161417985
-0.8773260818123817 -0.8567417187094688 0.7344462693929672 0.0 0.12283419090619875 0.7156627161417985
