0.9643080879745125 0.9972509931282273 0.7328973806869281 0.0 -0.18500045777776863 0.71891074478361
0.9643080879745125 0.9972509931282273 0.7328973806869281 0.0 -0.18500045777776863 0.71891074478361
0.9643080879745125 0.9972509931282273 0.7328973806869281 0.0 -0.18500045777776863 0.71891074478361
0.9643080879745125 0.9986254965641137 0.7328973806869281 0.0 -0.18500045777776863 0.71891074478361
0.9643080879745125 1.0 0.7328973806869281 0.0 -0.18500045777776863 0.71891074478361
0.9643080879745125 1.0 0.7328973806869281 0.0 -0.18500045777776863 0.71891074478361
0.9821540439872563 1.0 0.7328973806869281 0.0 -0.18500045777776863 0.71891074478361
1.0 1.0 0.7328973806869281 0.0 -0.18500045777776863 0.71891074478361
1.0 1.0 0.7328973806869281 0.0 -0.18500045777776863 0.71891074478361
0.0 1.0 0.7328973806869281 0.0 -0.18500045777776863 0.71891074478361
-1.0 1.0 0.7328973806869281 0.0 -0.18500045777776863 0.71891074478361
-1.0 0.10526318633556364 0.7328973806869281 0.0 -0.18500045777776863 0.71891074478361
-1.0 -0.7894736273288727 0.7328973806869281 0.0 -0.18500045777776863 0.71891074478361
-1.0 -0.7894736273288727 0.7328973806869281 0.0 -0.18500045777776863 0.71891074478361
-0.9995 -0.7894736273288727 0.7328973806869281 0.0 -0.18500045777776863 0.71891074478361
-0.999 -0.7894736273288727 0.7328973806869281 0.0 -0.18500045777776863 0.71891074478361
-0.999 -0.7894736273288727 0.7328973806869281 0.0 -0.18500045777776863 0.71891074478361
-0.999 -0.7894736273288727 0.7328973806869281 0.0 -0.18500045777776863 0.71891074478361
-0.999 -0.7894736273288727 0.7328973806869281 0.0 -0.18500045777776863 0.71891074478361
-0.999 -0.7894736273288727 0.629606595892275 0.0 -0.18500045777776863 0.71891074478361
-0.999 -0.7894736273288727 0.5263158110976219 0.0 -0.18500045777776863 0.71891074478361
