0.7168012980440029 0.7564198405416118 0.7556004691483882 0.0 0.22262787406893494 0.818517330263774
0.7168012980440029 0.7564198405416118 0.7556004691483882 0.0 0.22262787406893494 0.818517330263774
0.7168012980440029 0.7564198405416118 0.7556004691483882 0.0 0.22262787406893494 0.818517330263774
0.7168012980440029 0.8782099202708059 0.7556004691483882 0.0 0.22262787406893494 0.818517330263774
0.7168012980440029 1.0 0.7556004691483882 0.0 0.22262787406893494 0.818517330263774
0.7168012980440029 1.0 0.7556004691483882 0.0 0.22262787406893494 0.818517330263774
0.8584006490220015 1.0 0.7556004691483882 0.0 0.22262787406893494 0.818517330263774
1.0 1.0 0.7556004691483882 0.0 0.22262787406893494 0.818517330263774
1.0 1.0 0.7556004691483882 0.0 0.22262787406893494 0.818517330263774
0.0 1.0 0.7556004691483882 0.0 0.22262787406893494 0.818517330263774
-1.0 1.0 0.7556004691483882 0.0 0.22262787406893494 0.818517330263774
-1.0 0.11163450562953947 0.7556004691483882 0.0 0.22262787406893494 0.818517330263774
-1.0 -0.7767309887409211 0.7556004691483882 0.0 0.22262787406893494 0.818517330263774
-1.0 -0.7767309887409211 0.7556004691483882 0.0 0.22262787406893494 0.818517330263774
-0.9108958787024022 -0.7767309887409211 0.7556004691483882 0.0 0.22262787406893494 0.818517330263774
-0.8217917574048043 -0.7767309887409211 0.7556004691483882 0.0 0.22262787406893494 0.818517330263774
-0.8217917574048043 -0.7767309887409211 0.7556004691483882 0.0 0.22262787406893494 0.818517330263774
-0.8217917574048043 -0.7767309887409211 0.7556004691483882 0.0 0.22262787406893494 0.818517330263774
-0.8217917574048043 -0.7767309887409211 0.7556004691483882 0.0 0.22262787406893494 0.818517330263774
-0.8217917574048043 -0.7767309887409211 0.8173900047124578 0.0 0.22262787406893494 0.818517330263774
-0.8217917574048043 -0.7767309887409211 0.8791795402765274 0.0 0.22262787406893494 0.818517330263774
