-0.773099049794152 -0.788822129248562 0.7727714287643251 0.0 0.11220568632117661 -2.33947835884676
-0.773099049794152 -0.788822129248562 0.7727714287643251 0.0 0.11220568632117661 -2.33947835884676
-0.773099049794152 -0.788822129248562 0.7727714287643251 0.0 0.11220568632117661 -2.33947835884676
-0.773099049794152 -0.894411064624281 0.7727714287643251 0.0 0.11220568632117661 -2.33947835884676
-0.773099049794152 -1.0 0.7727714287643251 0.0 0.11220568632117661 -2.33947835884676
-0.773099049794152 -1.0 0.7727714287643251 0.0 0.11220568632117661 -2.33947835884676
-0.8865495248970761 -1.0 0.7727714287643251 0.0 0.11220568632117661 -2.33947835884676
-1.0 -1.0 0.7727714287643251 0.0 0.11220568632117661 -2.33947835884676
-1.0 -1.0 0.7727714287643251 0.0 0.11220568632117661 -2.33947835884676
-0.017321354746818507 -1.0 0.7727714287643251 0.0 0.11220568632117661 -2.33947835884676
0.9653572905063629 -1.0 0.7727714287643251 0.0 0.11220568632117661 -2.33947835884676
0.9653572905063629 0.0 0.7727714287643251 0.0 0.11220568632117661 -2.33947835884676
0.9653572905063629 1.0 0.7727714287643251 0.0 0.11220568632117661 -2.33947835884676
0.9653572905063629 1.0 0.7727714287643251 0.0 0.11220568632117661 -2.33947835884676
0.9653572905063629 1.0 0.7727714287643251 0.0 0.11220568632117661 -2.33947835884676
0.9653572905063629 1.0 0.7727714287643251 0.0 0.11220568632117661 -2.33947835884676
0.9653572905063629 0.9995 0.7727714287643251 0.0 0.11220568632117661 -2.33947835884676
0.9653572905063629 0.999 0.7727714287643251 0.0 0.11220568632117661 -2.33947835884676
0.9653572905063629 0.999 0.7727714287643251 0.0 0.11220568632117661 -2.33947835884676
0.9653572905063629 0.999 0.7727714287643251 0.0 0.11220568632117661 -2.33947835884676
0.9653572905063629 0.999 0.7727714287643251 0.0 0.11220568632117661 -2.33947835884676
0.9653572905063629 0.999 0.7806823711099534 0.0 0.11220568632117661 -2.33947835884676
0.9653572905063629 0.999 0.7885933134555817 0.0 0.11220568632117661 -2.33947835884676
