-0.7470834893231996 0.27314899639213464 1.0934262184771004 0.0 -0.09780911985690127 0.8202637333421824
-0.8735417446615998 0.27314899639213464 1.0934262184771004 0.0 -0.09780911985690127 0.8202637333421824
-1.0 0.27314899639213464 1.0934262184771004 0.0 -0.09780911985690127 0.8202637333421824
-1.0 0.27314899639213464 1.0934262184771004 0.0 -0.09780911985690127 0.8202637333421824
-1.0 0.27314899639213464 1.0934262184771004 0.0 -0.09780911985690127 0.8202637333421824
-1.0 0.27314899639213464 1.0934262184771004 0.0 -0.09780911985690127 0.8202637333421824
-1.0 -0.3629255018039327 1.0934262184771004 0.0 -0.09780911985690127 0.8202637333421824
-1.0 -0.999 1.0934262184771004 0.0 -0.09780911985690127 0.8202637333421824
-1.0 -0.999 1.0934262184771004 0.0 -0.09780911985690127 0.8202637333421824
-0.9995 -0.999 1.0934262184771004 0.0 -0.09780911985690127 0.8202637333421824
-0.999 -0.999 1.0934262184771004 0.0 -0.09780911985690127 0.8202637333421824
-0.999 -0.999 1.0934262184771004 0.0 -0.09780911985690127 0.8202637333421824
-0.999 -0.999 1.0934262184771004 0.0 -0.09780911985690127 0.8202637333421824
-0.999 -0.999 1.0934262184771004 0.0 -0.09780911985690127 0.8202637333421824
-0.999 -0.999 0.8098710147873611 0.0 -0.09780911985690127 0.8202637333421824
-0.999 -0.999 0.5263158110976219 0.0 -0.09780911985690127 0.8202637333421824
