-0.4500447516288357 -0.08725261507689296 1.0274478276344337 0.0 0.2387040346114022 1.6992339618371235
-0.7250223758144179 -0.08725261507689296 1.0274478276344337 0.0 0.2387040346114022 1.6992339618371235
-1.0 -0.08725261507689296 1.0274478276344337 0.0 0.2387040346114022 1.6992339618371235
-1.0 -0.08725261507689296 1.0274478276344337 0.0 0.2387040346114022 1.6992339618371235
-1.0 -0.08725261507689296 1.0274478276344337 0.0 0.2387040346114022 1.6992339618371235
-1.0 -0.08725261507689296 1.0274478276344337 0.0 0.2387040346114022 1.6992339618371235
-1.0 -0.5436263075384464 1.0274478276344337 0.0 0.2387040346114022 1.6992339618371235
-1.0 -1.0 1.0274478276344337 0.0 0.2387040346114022 1.6992339618371235
-1.0 -1.0 1.0274478276344337 0.0 0.2387040346114022 1.6992339618371235
-0.47368421465530997 -1.0 1.0274478276344337 0.0 0.2387040346114022 1.6992339618371235
0.05263157068938017 -1.0 1.0274478276344337 0.0 0.2387040346114022 1.6992339618371235
0.05263157068938017 -1.0 1.0274478276344337 0.0 0.2387040346114022 1.6992339618371235
0.05263157068938017 -1.0 1.0274478276344337 0.0 0.2387040346114022 1.6992339618371235
0.05263157068938017 -1.0 1.0274478276344337 0.0 0.2387040346114022 1.6992339618371235
0.05263157068938017 -0.8947368136644364 1.0274478276344337 0.0 0.2387040346114022 1.6992339618371235
0.05263157068938017 -0.7894736273288727 1.0274478276344337 0.0 0.2387040346114022 1.6992339618371235
0.05263157068938017 -0.7894736273288727 1.0274478276344337 0.0 0.2387040346114022 1.6992339618371235
0.05263157068938017 -0.7894736273288727 1.0274478276344337 0.0 0.2387040346114022 1.6992339618371235
0.05263157068938017 -0.7894736273288727 1.0274478276344337 0.0 0.2387040346114022 1.6992339618371235
0.05263157068938017 -0.7894736273288727 0.9347765388772984 0.0 0.2387040346114022 1.6992339618371235
0.05263157068938017 -0.7894736273288727 0.842105250120163 0.0 0.2387040346114022 1.6992339618371235
