-0.7422441461525509 -0.9293317302393824 0.5918824649649419 0.0 0.46041732765646004 0.2791456064581709
-0.7422441461525509 -0.9293317302393824 0.5918824649649419 0.0 0.46041732765646004 0.2791456064581709
-0.7422441461525509 -0.9293317302393824 0.5918824649649419 0.0 0.46041732765646004 0.2791456064581709
-0.7422441461525509 -0.9646658651196912 0.5918824649649419 0.0 0.46041732765646004 0.2791456064581709
-0.7422441461525509 -1.0 0.5918824649649419 0.0 0.46041732765646004 0.2791456064581709
-0.7422441461525509 -1.0 0.5918824649649419 0.0 0.46041732765646004 0.2791456064581709
-0.8711220730762754 -1.0 0.5918824649649419 0.0 0.46041732765646004 0.2791456064581709
-1.0 -1.0 0.5918824649649419 0.0 0.46041732765646004 0.2791456064581709
-1.0 -1.0 0.5918824649649419 0.0 0.46041732765646004 0.2791456064581709
-1.0 -1.0 0.5918824649649419 0.0 0.46041732765646004 0.2791456064581709
-1.0 -1.0 0.5918824649649419 0.0 0.46041732765646004 0.2791456064581709
-1.0 -0.5789473671987653 0.5918824649649419 0.0 0.46041732765646004 0.2791456064581709
-1.0 -0.15789473439753055 0.5918824649649419 0.0 0.46041732765646004 0.2791456064581709
-1.0 -0.15789473439753055 0.5918824649649419 0.0 0.46041732765646004 0.2791456064581709
-0.9473684066832065 -0.15789473439753055 0.5918824649649419 0.0 0.46041732765646004 0.2791456064581709
-0.8947368133664131 -0.15789473439753055 0.5918824649649419 0.0 0.46041732765646004 0.2791456064581709
-0.8947368133664131 -0.15789473439753055 0.5918824649649419 0.0 0.46041732765646004 0.2791456064581709
-0.8947368133664131 -0.15789473439753055 0.5918824649649419 0.0 0.46041732765646004 0.2791456064581709
-0.8947368133664131 -0.15789473439753055 0.5918824649649419 0.0 0.46041732765646004 0.2791456064581709
-0.8947368133664131 -0.15789473439753055 0.8748886068263431 0.0 0.46041732765646004 0.2791456064581709
-0.8947368133664131 -0.15789473439753055 1.1578947486877442 0.0 0.46041732765646004 0.2791456064581709
