0.5986069610401848 -0.6186200820360669 1.1689254908012794 -0.207545 0.5631189639829072 2.212833145433531
0.5986069610401848 -0.6186200820360669 1.1844627454006398 -0.207545 0.5631189639829072 2.212833145433531
0.5986069610401848 -0.6186200820360669 1.2 -0.207545 0.5631189639829072 2.212833145433531
0.5986069610401848 -0.6186200820360669 1.2 -0.207545 0.5631189639829072 2.212833145433531
-0.0005408440686832661 -0.47068267280628723 1.2 -0.207545 0.5631189639829072 2.212833145433531
-0.5996886491775513 -0.32274526357650757 1.2 -0.207545 0.5631189639829072 2.212833145433531
-0.5996886491775513 -0.32274526357650757 1.2 -0.207545 0.5631189639829072 2.212833145433531
-0.5996886491775513 -0.32274526357650757 1.3 -0.207545 0.43912786215295213 1.4766111074546084
-0.5996886491775513 -0.32274526357650757 1.4 -0.207545 0.3151367603229971 0.7403890694756858
-0.5996886491775513 -0.32274526357650757 1.5 -0.207545 0.191145658493042 0.004167031496763229
