1.0720030576468398 -0.20919356263041725 1.1295783485357989 -0.200699 0.5710884864133637 2.8018643146890967
1.0720030576468398 -0.20919356263041725 1.1647891742678995 -0.200699 0.5710884864133637 2.8018643146890967
1.0720030576468398 -0.20919356263041725 1.2 -0.200699 0.5710884864133637 2.8018643146890967
1.0720030576468398 -0.20919356263041725 1.2 -0.200699 0.5710884864133637 2.8018643146890967
0.19434880765680917 -0.1953388999718439 1.2 -0.200699 0.5710884864133637 2.8018643146890967
-0.6833054423332214 -0.18148423731327057 1.2 -0.200699 0.5710884864133637 2.8018643146890967
-0.6833054423332214 -0.18148423731327057 1.2 -0.200699 0.5710884864133637 2.8018643146890967
-0.6833054423332214 -0.18148423731327057 1.3 -0.200699 0.4352429416445919 2.128899268715817
-0.6833054423332214 -0.18148423731327057 1.4 -0.200699 0.29939739687581995 1.4559342227425367
-0.6833054423332214 -0.18148423731327057 1.5 -0.200699 0.16355185210704803 0.7829691767692566
