0.5956860797041174 -0.48040665711530894 1.1738321848225761 -0.10052 0.5676234842493795 2.5651976681186657
0.5956860797041174 -0.48040665711530894 1.186916092411288 -0.10052 0.5676234842493795 2.5651976681186657
0.5956860797041174 -0.48040665711530894 1.2 -0.10052 0.5676234842493795 2.5651976681186657
0.5956860797041174 -0.48040665711530894 1.2 -0.10052 0.5676234842493795 2.5651976681186657
-0.12125927128227965 -0.1887120941061221 1.2 -0.10052 0.5676234842493795 2.5651976681186657
-0.8382046222686768 0.10298246890306473 1.2 -0.10052 0.5676234842493795 2.5651976681186657
-0.8382046222686768 0.10298246890306473 1.2 -0.10052 0.5676234842493795 2.5651976681186657
-0.8382046222686768 0.10298246890306473 1.3 -0.10052 0.47295105663635084 1.7474239338725077
-0.8382046222686768 0.10298246890306473 1.4 -0.10052 0.3782786290233222 0.9296501996263498
-0.8382046222686768 0.10298246890306473 1.5 -0.10052 0.2836062014102936 0.1118764653801918
