1.016408617312859 0.4497169988430984 1.1436134503696278 -0.448385 0.5729870555736832 -2.7955287695043576
1.016408617312859 0.4497169988430984 1.1718067251848139 -0.448385 0.5729870555736832 -2.7955287695043576
1.016408617312859 0.4497169988430984 1.2 -0.448385 0.5729870555736832 -2.7955287695043576
1.016408617312859 0.4497169988430984 1.2 -0.448385 0.5729870555736832 -2.7955287695043576
0.2957041238820307 -0.15685027156882253 1.2 -0.448385 0.5729870555736832 -2.7955287695043576
-0.4250003695487976 -0.7634175419807434 1.2 -0.448385 0.5729870555736832 -2.7955287695043576
-0.4250003695487976 -0.7634175419807434 1.2 -0.448385 0.5729870555736832 -2.7955287695043576
-0.4250003695487976 -0.7634175419807434 1.3 -0.448385 0.47172446435943 -1.6775079369620014
-0.4250003695487976 -0.7634175419807434 1.4 -0.448385 0.37046187314517676 -0.5594871044196452
-0.4250003695487976 -0.7634175419807434 1.5 -0.448385 0.26919928193092346 0.5585337281227112
