0.8426086948981915 0.11860768964489715 1.1503432665113071 0.135815 0.5706401113285264 -3.091815863322915
0.8426086948981915 0.11860768964489715 1.1751716332556534 0.135815 0.5706401113285264 -3.091815863322915
0.8426086948981915 0.11860768964489715 1.2 0.135815 0.5706401113285264 -3.091815863322915
0.8426086948981915 0.11860768964489715 1.2 0.135815 0.5706401113285264 -3.091815863322915
0.23981379204347897 -0.3494794121851503 1.2 0.135815 0.5706401113285264 -3.091815863322915
-0.3629811108112335 -0.8175665140151978 1.2 0.135815 0.5706401113285264 -3.091815863322915
-0.3629811108112335 -0.8175665140151978 1.2 0.135815 0.5706401113285264 -3.091815863322915
-0.3629811108112335 -0.8175665140151978 1.3 0.135815 0.46171277884732626 -1.9129263190903274
-0.3629811108112335 -0.8175665140151978 1.4 0.135815 0.3527854463661261 -0.7340367748577399
-0.3629811108112335 -0.8175665140151978 1.5 0.135815 0.24385811388492584 0.4448527693748474
