2025-04-14 14:44:53 -1.06596 -1.31499 0.588381 0.953712 -6.98331 46.835 5.72958
2025-04-14 14:45:03 -1.16716 -1.30407 0.661039 1.18479 -6.00636 40.1385 11.4592
2025-04-14 14:45:23 -1.17702 -1.34771 1.15339 1.02659 -6.67189 41.6799 40.107
2025-04-14 14:46:42 -0.460702 0.775272 0.569849 1.20078 -6.82259 -60.1318 15.5468
2025-04-14 14:48:18 0.589316 -0.584545 0.726791 0.940261 -6.86683 132.533 32.2466
2025-04-14 14:49:43 -0.603018 0.919038 0.735717 1.98971 -6.07925 -50.4678 24.9627
2025-04-14 14:51:21 1.31634 -0.222497 1.047 0.475111 -6.80599 172.023 38.4732
2025-04-14 14:52:49 -1.27799 1.17695 0.740003 1.04266 -5.99066 -34.7212 12.683
2025-04-14 14:54:11 1.18031 0.147855 1.08295 1.13064 -6.42976 -148.042 41.5621
2025-04-14 14:55:28 -1.39944 0.99988 0.720493 0.959355 -6.6875 -35.2341 15.5758
2025-04-14 14:56:59 1.29891 0.250794 1.06115 1.35005 -6.70136 -159.153 22.3645
2025-04-14 14:57:51 1.18824 0.188446 1.06449 1.21293 -7.02799 -157.852 39.4019
2025-04-14 14:59:36 1.07927 -0.259722 1.1545 1.18764 -6.71879 159.973 43.4117
2025-04-14 15:01:01 -0.361624 -1.06048 0.7295 1.15997 -6.28977 71.1316 24.7538
2025-04-14 15:02:34 -0.655786 0.0673646 0.754465 1.16967 -6.49499 -1.01937 43.0201
