1.1370112832246706 0.16645144483934832 1.0209945045914162 0.0 0.5650313212443173 -2.755037130858089
1.1370112832246706 0.16645144483934832 1.260497252295708 0.0 0.5650313212443173 -2.755037130858089
1.1370112832246706 0.16645144483934832 1.5 0.0 0.5650313212443173 -2.755037130858089
1.1370112832246706 0.16645144483934832 1.5 0.0 0.5650313212443173 -2.755037130858089
1.1014003769784413 -0.02335322264338041 1.5 0.0 0.5650313212443173 -2.755037130858089
1.0657894707322122 -0.21315789012610917 1.5 0.0 0.5650313212443173 -2.755037130858089
1.0657894707322122 -0.21315789012610917 1.5 0.0 0.5650313212443173 -2.755037130858089
1.0657894707322122 -0.21315789012610917 1.3789473959604899 0.0 0.6292466443099574 -0.8738758938841484
1.0657894707322122 -0.21315789012610917 1.25789479192098 0.0 0.6934619673755975 1.0072853430897921
1.0657894707322122 -0.21315789012610917 1.1368421878814698 0.0 0.7576772904412375 2.8884465800637327
