-1.1361870070537359 -1.3101553872449718 1.109545755818235 0.0 0.5835527552664813 0.7274514869019846
-1.1361870070537359 -1.3101553872449718 1.3047728779091174 0.0 0.5835527552664813 0.7274514869019846
-1.1361870070537359 -1.3101553872449718 1.5 0.0 0.5835527552664813 0.7274514869019846
-1.1361870070537359 -1.3101553872449718 1.5 0.0 0.5835527552664813 0.7274514869019846
-0.816777712024273 -0.2642881915382307 1.5 0.0 0.5835527552664813 0.7274514869019846
-0.49736841699481016 0.7815790041685106 1.5 0.0 0.5835527552664813 0.7274514869019846
-0.49736841699481016 0.7815790041685106 1.5 0.0 0.5835527552664813 0.7274514869019846
-0.49736841699481016 0.7815790041685106 1.1666666688521703 0.0 0.47948269503655366 0.14383748602881552
-0.49736841699481016 0.7815790041685106 0.8333333377043407 0.0 0.375412634806626 -0.43977651484435354
-0.49736841699481016 0.7815790041685106 0.500000006556511 0.0 0.2713425745766984 -1.0233905157175227
