-1.3536394906746394 0.9685553742833678 0.6766628600361525 0.0 0.15513009990501198 -0.6149510539769341
-1.3536394906746394 0.9685553742833678 1.0883314300180762 0.0 0.15513009990501198 -0.6149510539769341
-1.3536394906746394 0.9685553742833678 1.5 0.0 0.15513009990501198 -0.6149510539769341
-1.3536394906746394 0.9685553742833678 1.5 0.0 0.15513009990501198 -0.6149510539769341
-0.002319745337319601 0.5908566322047385 1.5 0.0 0.15513009990501198 -0.6149510539769341
1.3490000000000002 0.21315789012610917 1.5 0.0 0.15513009990501198 -0.6149510539769341
1.3490000000000002 0.21315789012610917 1.5 0.0 0.15513009990501198 -0.6149510539769341
1.3490000000000002 0.21315789012610917 1.3315789446632067 0.0 0.2335316720526029 -1.3540022553590796
1.3490000000000002 0.21315789012610917 1.1631578893264136 0.0 0.31193324420019386 -2.0930534567412247
1.3490000000000002 0.21315789012610917 0.9947368339896203 0.0 0.3903348163477848 -2.83210465812337
