1.2612473519850351 -0.21519544323299275 1.00327943957956 0.0 0.5526970794204735 3.0023677391582053
1.2612473519850351 -0.21519544323299275 1.25163971978978 0.0 0.5526970794204735 3.0023677391582053
1.2612473519850351 -0.21519544323299275 1.5 0.0 0.5526970794204735 3.0023677391582053
1.2612473519850351 -0.21519544323299275 1.5 0.0 0.5526970794204735 3.0023677391582053
-0.043876324007482426 0.4963496906955345 1.5 0.0 0.5526970794204735 3.0023677391582053
-1.3490000000000002 1.2078948246240617 1.5 0.0 0.5526970794204735 3.0023677391582053
-1.3490000000000002 1.2078948246240617 1.5 0.0 0.5526970794204735 3.0023677391582053
-1.3490000000000002 1.2078948246240617 1.2368421224753061 0.0 0.4422513958647106 1.7566568565654623
-1.3490000000000002 1.2078948246240617 0.9736842449506125 0.0 0.3318057123089476 0.5109459739727193
-1.3490000000000002 1.2078948246240617 0.7105263674259187 0.0 0.22136002875318458 -0.734764908620024
