-0.4321119778814531 0.7275925003249945 0.5261537377167484 0.0 0.15226618913541448 -1.0494978951507263
-0.4321119778814531 0.7275925003249945 1.0130768688583742 0.0 0.15226618913541448 -1.0494978951507263
-0.4321119778814531 0.7275925003249945 1.5 0.0 0.15226618913541448 -1.0494978951507263
-0.4321119778814531 0.7275925003249945 1.5 0.0 0.15226618913541448 -1.0494978951507263
0.10368085629927043 0.04405940492250027 1.5 0.0 0.15226618913541448 -1.0494978951507263
0.6394736904799939 -0.6394736904799939 1.5 0.0 0.15226618913541448 -1.0494978951507263
0.6394736904799939 -0.6394736904799939 1.5 0.0 0.15226618913541448 -1.0494978951507263
0.6394736904799939 -0.6394736904799939 1.2368421224753061 0.0 0.28911400052554065 0.1168806193589913
0.6394736904799939 -0.6394736904799939 0.9736842449506125 0.0 0.42596181191566684 1.283259133868709
0.6394736904799939 -0.6394736904799939 0.7105263674259187 0.0 0.562809623305793 2.4496376483784266
