1.0267662347578856 -0.24168720430981966 1.1107038725477423 0.0 0.6404120916379527 2.7920555642928893
1.0267662347578856 -0.24168720430981966 1.3053519362738712 0.0 0.6404120916379527 2.7920555642928893
1.0267662347578856 -0.24168720430981966 1.5 0.0 0.6404120916379527 2.7920555642928893
1.0267662347578856 -0.24168720430981966 1.5 0.0 0.6404120916379527 2.7920555642928893
0.3357515255224631 -0.653738337521016 1.5 0.0 0.6404120916379527 2.7920555642928893
-0.35526318371295934 -1.0657894707322122 1.5 0.0 0.6404120916379527 2.7920555642928893
-0.35526318371295934 -1.0657894707322122 1.5 0.0 0.6404120916379527 2.7920555642928893
-0.35526318371295934 -1.0657894707322122 1.2368421224753061 0.0 0.5709532182874414 2.2851996016468727
-0.35526318371295934 -1.0657894707322122 0.9736842449506125 0.0 0.50149434493693 1.778343639000856
-0.35526318371295934 -1.0657894707322122 0.7105263674259187 0.0 0.43203547158641875 1.2714876763548393
