1.133927543884869 0.11775642736983756 1.0388734337730945 0.0 0.6131750069301046 -2.5838203312374453
1.133927543884869 0.11775642736983756 1.2694367168865472 0.0 0.6131750069301046 -2.5838203312374453
1.133927543884869 0.11775642736983756 1.5 0.0 0.6131750069301046 -2.5838203312374453
1.133927543884869 0.11775642736983756 1.5 0.0 0.6131750069301046 -2.5838203312374453
-0.10753622805756557 0.5917729490510248 1.5 0.0 0.6131750069301046 -2.5838203312374453
-1.3490000000000002 1.0657894707322122 1.5 0.0 0.6131750069301046 -2.5838203312374453
-1.3490000000000002 1.0657894707322122 1.5 0.0 0.6131750069301046 -2.5838203312374453
-1.3490000000000002 1.0657894707322122 1.2368421224753061 0.0 0.49939961760362517 -1.9436666234475068
-1.3490000000000002 1.0657894707322122 0.9736842449506125 0.0 0.3856242282771457 -1.3035129156575682
-1.3490000000000002 1.0657894707322122 0.7105263674259187 0.0 0.2718488389506662 -0.6633592078676298
