-0.3447382117446093 -1.0079418457746039 0.6852890001743617 0.0 0.32225811668700854 1.2414806222115986
-0.3447382117446093 -1.0079418457746039 1.092644500087181 0.0 0.32225811668700854 1.2414806222115986
-0.3447382117446093 -1.0079418457746039 1.5 0.0 0.32225811668700854 1.2414806222115986
-0.3447382117446093 -1.0079418457746039 1.5 0.0 0.32225811668700854 1.2414806222115986
-0.4921059511123016 -0.46844461707954754 1.5 0.0 0.32225811668700854 1.2414806222115986
-0.6394736904799939 0.0710526116155088 1.5 0.0 0.32225811668700854 1.2414806222115986
-0.6394736904799939 0.0710526116155088 1.5 0.0 0.32225811668700854 1.2414806222115986
-0.6394736904799939 0.0710526116155088 1.2368421224753061 0.0 0.4651194776875195 0.8228339797717177
-0.6394736904799939 0.0710526116155088 0.9736842449506125 0.0 0.6079808386880305 0.40418733733183687
-0.6394736904799939 0.0710526116155088 0.7105263674259187 0.0 0.7508421996885415 -0.014459305108043965
