-1.2323111348870759 1.1464023963472691 0.6955026045739932 0.0 0.11680336766291731 -0.6059992602434552
-1.2323111348870759 1.1464023963472691 1.0977513022869965 0.0 0.11680336766291731 -0.6059992602434552
-1.2323111348870759 1.1464023963472691 1.5 0.0 0.11680336766291731 -0.6059992602434552
-1.2323111348870759 1.1464023963472691 1.5 0.0 0.11680336766291731 -0.6059992602434552
-0.059552605039048245 0.6682378769199773 1.5 0.0 0.11680336766291731 -0.6059992602434552
1.1132059248089792 0.19007335749268534 1.5 0.0 0.11680336766291731 -0.6059992602434552
1.1132059248089792 0.19007335749268534 1.5 0.0 0.11680336766291731 -0.6059992602434552
1.1132059248089792 0.19007335749268534 1.3511195602019628 0.0 0.31966767851284417 -1.2902369257246833
1.1132059248089792 0.19007335749268534 1.2022391204039258 0.0 0.522531989362771 -1.9744745912059116
1.1132059248089792 0.19007335749268534 1.0533586806058886 0.0 0.725396300212698 -2.65871225668714
