-0.6004428735414282 0.06740068674924954 0.7104520808564455 0.0 0.6374834291531061 -0.0177913627960546
-0.6004428735414282 0.06740068674924954 1.1052260404282228 0.0 0.6374834291531061 -0.0177913627960546
-0.6004428735414282 0.06740068674924954 1.5 0.0 0.6374834291531061 -0.0177913627960546
-0.6004428735414282 0.06740068674924954 1.5 0.0 0.6374834291531061 -0.0177913627960546
-0.26469511588670985 0.06922664918237917 1.5 0.0 0.6374834291531061 -0.0177913627960546
0.07105264176800848 0.0710526116155088 1.5 0.0 0.6374834291531061 -0.0177913627960546
0.07105264176800848 0.0710526116155088 1.5 0.0 0.6374834291531061 -0.0177913627960546
0.07105264176800848 0.0710526116155088 1.2368421224753061 0.0 0.7915745298970991 -0.7071106064232626
0.07105264176800848 0.0710526116155088 0.9736842449506125 0.0 0.9456656306410921 -1.3964298500504706
0.07105264176800848 0.0710526116155088 0.7105263674259187 0.0 1.0997567313850851 -2.0857490936776784
