0.551112369164791 -0.5441149563000214 0.683134452296077 0.0 0.4429605498988813 2.3131372175456444
0.551112369164791 -0.5441149563000214 1.0915672261480385 0.0 0.4429605498988813 2.3131372175456444
0.551112369164791 -0.5441149563000214 1.5 0.0 0.4429605498988813 2.3131372175456444
0.551112369164791 -0.5441149563000214 1.5 0.0 0.4429605498988813 2.3131372175456444
-0.0441806606576014 0.18978466067683653 1.5 0.0 0.4429605498988813 2.3131372175456444
-0.6394736904799939 0.9236842776536943 1.5 0.0 0.4429605498988813 2.3131372175456444
-0.6394736904799939 0.9236842776536943 1.5 0.0 0.4429605498988813 2.3131372175456444
-0.6394736904799939 0.9236842776536943 1.2368421224753061 0.0 0.4405341614501408 1.235818504620052
-0.6394736904799939 0.9236842776536943 0.9736842449506125 0.0 0.4381077730014003 0.1584997916944597
-0.6394736904799939 0.9236842776536943 0.7105263674259187 0.0 0.4356813845526598 -0.9188189212311325
