-0.5666640434432678 0.8777149526162669 0.6913233563379511 0.0 0.32957837663572326 -0.8808292762379942
-0.5666640434432678 0.8777149526162669 1.0956616781689754 0.0 0.32957837663572326 -0.8808292762379942
-0.5666640434432678 0.8777149526162669 1.5 0.0 0.32957837663572326 -0.8808292762379942
-0.5666640434432678 0.8777149526162669 1.5 0.0 0.32957837663572326 -0.8808292762379942
0.39116797827836625 0.3322785312450789 1.5 0.0 0.32957837663572326 -0.8808292762379942
1.3490000000000002 -0.21315789012610917 1.5 0.0 0.32957837663572326 -0.8808292762379942
1.3490000000000002 -0.21315789012610917 1.5 0.0 0.32957837663572326 -0.8808292762379942
1.3490000000000002 -0.21315789012610917 1.3315789446632067 0.0 0.44354665328334647 0.4517470499021724
1.3490000000000002 -0.21315789012610917 1.1631578893264136 0.0 0.5575149299309697 1.7843233760423391
1.3490000000000002 -0.21315789012610917 0.9947368339896203 0.0 0.671483206578593 3.116899702182506
