1.247470542850151 0.22994512810598017 1.0173401062672414 0.0 0.2733733642008246 -2.7777438644265353
1.247470542850151 0.22994512810598017 1.2586700531336206 0.0 0.2733733642008246 -2.7777438644265353
1.247470542850151 0.22994512810598017 1.5 0.0 0.2733733642008246 -2.7777438644265353
1.247470542850151 0.22994512810598017 1.5 0.0 0.2733733642008246 -2.7777438644265353
1.2276826837371062 0.22155150911604465 1.5 0.0 0.2733733642008246 -2.7777438644265353
1.2078948246240617 0.21315789012610917 1.5 0.0 0.2733733642008246 -2.7777438644265353
1.2078948246240617 0.21315789012610917 1.5 0.0 0.2733733642008246 -2.7777438644265353
1.2078948246240617 0.21315789012610917 1.3315789446632067 0.0 0.4114797388265363 -2.7657866808947738
1.2078948246240617 0.21315789012610917 1.1631578893264136 0.0 0.5495861134522482 -2.7538294973630117
1.2078948246240617 0.21315789012610917 0.9947368339896203 0.0 0.6876924880779599 -2.74187231383125
