2025-02-05 19:36:50 -0.910615 -1.10861 0.772441 -0.995125 -7.61352 50.9929 -11.4592
2025-02-05 19:37:03 -1.19281 -0.865975 0.810695 -0.984406 -8.10127 40.8253 0
2025-02-05 19:37:17 -1.18294 -0.814654 1.22585 -0.490024 -8.22597 38.0911 8.59437
2025-02-05 19:37:48 -1.14412 -0.950859 1.20017 -0.584775 -7.91332 40.9598 11.9141
2025-02-05 19:39:25 -0.645205 0.749163 0.783551 -0.935464 -8.1783 -54.9639 -6.27468
2025-02-05 19:41:38 1.32679 -1.32594 0.904228 -0.486937 -8.65665 138.928 5.05631
2025-02-05 19:43:42 -1.33385 1.40432 1.21005 -0.642505 -8.1678 -54.089 20.9932
2025-02-05 19:44:45 -1.21608 -1.12244 1.11311 -0.750031 -7.74467 34.5831 5.0343
2025-02-05 19:46:39 1.33572 -0.110294 1.21311 -0.551786 -8.71818 -176.936 13.6749
2025-02-05 19:48:41 -1.35501 -0.104106 1.18142 -0.410471 -9.20328 1.14663 14.4091
2025-02-05 19:49:45 -0.987203 -1.10548 1.25243 -1.23287 -9.11497 57.8754 11.3999
2025-02-05 19:50:46 -1.1501 -0.52709 1.20616 -0.783752 -9.22316 21.5058 32.3026
2025-02-05 19:51:25 -1.11609 -0.639092 1.15541 -1.29845 -9.66056 39.7252 22.7053
2025-02-05 19:52:20 -1.0792 -0.0396341 1.18396 -0.732721 -9.33886 10.8948 32.3492
2025-02-05 19:53:05 -1.17596 -0.589147 1.09578 -0.513885 -9.23239 30.1353 25.5746
2025-02-05 19:53:51 -1.17628 -0.470766 1.03476 -0.778024 -9.10376 25.7278 19.4489
2025-02-05 19:54:36 -1.16868 -0.357303 0.969555 -0.770609 -9.22426 21.3429 9.79248
2025-02-05 19:55:32 -1.35876 -0.180053 0.954186 -1.14143 -9.33067 4.23074 13.511
