-1.1261154672199043 -0.5607306178823146 1.0544516588855097 0.0 0.3394472910955783 0.38797657658251666
-1.1820866004149282 -0.5607306178823146 1.0544516588855097 0.0 0.3394472910955783 0.38797657658251666
-1.2380577336099523 -0.5607306178823146 1.0544516588855097 0.0 0.3394472910955783 0.38797657658251666
-1.2940288668049762 -0.5607306178823146 1.0544516588855097 0.0 0.3394472910955783 0.38797657658251666
-1.35 -0.5607306178823146 1.0544516588855097 0.0 0.3394472910955783 0.38797657658251666
-1.35 -0.5607306178823146 1.0544516588855097 0.0 0.3394472910955783 0.38797657658251666
-1.35 -0.5607306178823146 1.0544516588855097 0.0 0.3394472910955783 0.38797657658251666
-1.35 -0.5607306178823146 1.0544516588855097 0.0 0.3394472910955783 0.38797657658251666
-1.35 -0.5607306178823146 1.0544516588855097 0.0 0.3394472910955783 0.38797657658251666
-1.35 -0.5607306178823146 1.0544516588855097 0.0 0.3394472910955783 0.38797657658251666
-1.35 -0.5374699897777314 1.0544516588855097 0.0 0.3394472910955783 0.38797657658251666
-1.35 -0.5142093616731481 1.0544516588855097 0.0 0.3394472910955783 0.38797657658251666
-1.35 -0.49094873356856494 1.0544516588855097 0.0 0.3394472910955783 0.38797657658251666
-1.35 -0.4676881054639817 1.0544516588855097 0.0 0.3394472910955783 0.38797657658251666
-1.35 -0.4676881054639817 1.0544516588855097 0.0 0.3394472910955783 0.38797657658251666
-1.2941610124111176 -0.4676881054639817 1.0544516588855097 0.0 0.3394472910955783 0.38797657658251666
-1.238322024822235 -0.4676881054639817 1.0544516588855097 0.0 0.3394472910955783 0.38797657658251666
-1.1824830372333528 -0.4676881054639817 1.0544516588855097 0.0 0.3394472910955783 0.38797657658251666
-1.1266440496444703 -0.4676881054639817 1.0544516588855097 0.0 0.3394472910955783 0.38797657658251666
-1.1266440496444703 -0.4676881054639817 1.0544516588855097 0.0 0.3394472910955783 0.38797657658251666
-1.1266440496444703 -0.4676881054639817 1.0544516588855097 0.0 0.3394472910955783 0.38797657658251666
-1.1266440496444703 -0.4676881054639817 1.0544516588855097 0.0 0.3394472910955783 0.38797657658251666
-1.1266440496444703 -0.4676881054639817 1.0544516588855097 0.0 0.3394472910955783 0.38797657658251666
-1.1266440496444703 -0.4676881054639817 1.0544516588855097 0.0 0.3394472910955783 0.38797657658251666
-1.1266440496444703 -0.4676881054639817 1.0511044473803275 0.0 0.3394472910955783 0.38797657658251666
-1.1266440496444703 -0.4676881054639817 1.047757235875145 0.0 0.3394472910955783 0.38797657658251666
-1.1266440496444703 -0.4676881054639817 1.0444100243699628 0.0 0.3394472910955783 0.38797657658251666
-1.1266440496444703 -0.4676881054639817 1.0410628128647805 0.0 0.3394472910955783 0.38797657658251666
