-0.955828534530225 -1.0575355698621587 1.210993608563926 0.0 0.5637864302906441 0.3576254810113531
-0.955828534530225 -1.0575355698621587 1.210993608563926 0.0 0.5637864302906441 0.3576254810113531
-0.955828534530225 -1.0575355698621587 1.210993608563926 0.0 0.5637864302906441 0.3576254810113531
-0.955828534530225 -1.0575355698621587 1.210993608563926 0.0 0.5637864302906441 0.3576254810113531
-0.955828534530225 -1.0575355698621587 1.210993608563926 0.0 0.5637864302906441 0.3576254810113531
-0.955828534530225 -1.130651677396619 1.210993608563926 0.0 0.5637864302906441 0.3576254810113531
-0.955828534530225 -1.2037677849310793 1.210993608563926 0.0 0.5637864302906441 0.3576254810113531
-0.955828534530225 -1.2768838924655397 1.210993608563926 0.0 0.5637864302906441 0.3576254810113531
-0.955828534530225 -1.35 1.210993608563926 0.0 0.5637864302906441 0.3576254810113531
-0.955828534530225 -1.35 1.210993608563926 0.0 0.5637864302906441 0.3576254810113531
-1.0543714008976688 -1.35 1.210993608563926 0.0 0.5637864302906441 0.3576254810113531
-1.1529142672651125 -1.35 1.210993608563926 0.0 0.5637864302906441 0.3576254810113531
-1.2514571336325564 -1.35 1.210993608563926 0.0 0.5637864302906441 0.3576254810113531
-1.35 -1.35 1.210993608563926 0.0 0.5637864302906441 0.3576254810113531
-1.35 -1.35 1.210993608563926 0.0 0.5637864302906441 0.3576254810113531
-1.35 -1.35 1.210993608563926 0.0 0.5637864302906441 0.3576254810113531
-1.35 -1.35 1.210993608563926 0.0 0.5637864302906441 0.3576254810113531
-1.35 -1.35 1.210993608563926 0.0 0.5637864302906441 0.3576254810113531
-1.35 -1.35 1.210993608563926 0.0 0.5637864302906441 0.3576254810113531
-1.35 -1.1368421042487027 1.210993608563926 0.0 0.5637864302906441 0.3576254810113531
-1.35 -0.9236842084974051 1.210993608563926 0.0 0.5637864302906441 0.3576254810113531
-1.35 -0.7105263127461077 1.210993608563926 0.0 0.5637864302906441 0.3576254810113531
-1.35 -0.49736841699481016 1.210993608563926 0.0 0.5637864302906441 0.3576254810113531
-1.35 -0.49736841699481016 1.210993608563926 0.0 0.5637864302906441 0.3576254810113531
-1.2789473676830532 -0.49736841699481016 1.210993608563926 0.0 0.5637864302906441 0.3576254810113531
-1.2078947353661063 -0.49736841699481016 1.210993608563926 0.0 0.5637864302906441 0.3576254810113531
-1.1368421030491591 -0.49736841699481016 1.210993608563926 0.0 0.5637864302906441 0.3576254810113531
-1.0657894707322122 -0.49736841699481016 1.210993608563926 0.0 0.5637864302906441 0.3576254810113531
-1.0657894707322122 -0.49736841699481016 1.210993608563926 0.0 0.5637864302906441 0.3576254810113531
-1.0657894707322122 -0.49736841699481016 1.210993608563926 0.0 0.5637864302906441 0.3576254810113531
-1.0657894707322122 -0.49736841699481016 1.210993608563926 0.0 0.5637864302906441 0.3576254810113531
-1.0657894707322122 -0.49736841699481016 1.210993608563926 0.0 0.5637864302906441 0.3576254810113531
-1.0657894707322122 -0.49736841699481016 1.210993608563926 0.0 0.5637864302906441 0.3576254810113531
-1.0657894707322122 -0.49736841699481016 1.2279820516629414 0.0 0.5637864302906441 0.3576254810113531
-1.0657894707322122 -0.49736841699481016 1.2449704947619569 0.0 0.5637864302906441 0.3576254810113531
-1.0657894707322122 -0.49736841699481016 1.2619589378609724 0.0 0.5637864302906441 0.3576254810113531
-1.0657894707322122 -0.49736841699481016 1.2789473809599878 0.0 0.5637864302906441 0.3576254810113531
