-1.3013996038512998 -0.17680851519230945 0.9129639394984088 0.0 0.46149467904030705 -0.0930626618135139
-1.3135497028884748 -0.17680851519230945 0.9129639394984088 0.0 0.46149467904030705 -0.0930626618135139
-1.32569980192565 -0.17680851519230945 0.9129639394984088 0.0 0.46149467904030705 -0.0930626618135139
-1.337849900962825 -0.17680851519230945 0.9129639394984088 0.0 0.46149467904030705 -0.0930626618135139
-1.35 -0.17680851519230945 0.9129639394984088 0.0 0.46149467904030705 -0.0930626618135139
-1.35 -0.17680851519230945 0.9129639394984088 0.0 0.46149467904030705 -0.0930626618135139
-1.35 -0.17680851519230945 0.9129639394984088 0.0 0.46149467904030705 -0.0930626618135139
-1.35 -0.17680851519230945 0.9129639394984088 0.0 0.46149467904030705 -0.0930626618135139
-1.35 -0.17680851519230945 0.9129639394984088 0.0 0.46149467904030705 -0.0930626618135139
-1.35 -0.17680851519230945 0.9129639394984088 0.0 0.46149467904030705 -0.0930626618135139
-1.35 -0.12876803349050836 0.9129639394984088 0.0 0.46149467904030705 -0.0930626618135139
-1.35 -0.08072755178870729 0.9129639394984088 0.0 0.46149467904030705 -0.0930626618135139
-1.35 -0.03268707008690622 0.9129639394984088 0.0 0.46149467904030705 -0.0930626618135139
-1.35 0.015353411614894868 0.9129639394984088 0.0 0.46149467904030705 -0.0930626618135139
-1.35 0.015353411614894868 0.9129639394984088 0.0 0.46149467904030705 -0.0930626618135139
-1.2603358578681947 0.015353411614894868 0.9129639394984088 0.0 0.46149467904030705 -0.0930626618135139
-1.1706717157363893 0.015353411614894868 0.9129639394984088 0.0 0.46149467904030705 -0.0930626618135139
-1.0810075736045839 0.015353411614894868 0.9129639394984088 0.0 0.46149467904030705 -0.0930626618135139
-0.9913434314727785 0.015353411614894868 0.9129639394984088 0.0 0.46149467904030705 -0.0930626618135139
-0.9913434314727785 0.015353411614894868 0.9129639394984088 0.0 0.46149467904030705 -0.0930626618135139
-0.9913434314727785 0.015353411614894868 0.9129639394984088 0.0 0.46149467904030705 -0.0930626618135139
-0.9913434314727785 0.015353411614894868 0.9129639394984088 0.0 0.46149467904030705 -0.0930626618135139
-0.9913434314727785 0.015353411614894868 0.9129639394984088 0.0 0.46149467904030705 -0.0930626618135139
-0.9913434314727785 0.015353411614894868 0.9129639394984088 0.0 0.46149467904030705 -0.0930626618135139
-0.9913434314727785 0.015353411614894868 1.0211018288065077 0.0 0.46149467904030705 -0.0930626618135139
-0.9913434314727785 0.015353411614894868 1.1292397181146068 0.0 0.46149467904030705 -0.0930626618135139
-0.9913434314727785 0.015353411614894868 1.2373776074227059 0.0 0.46149467904030705 -0.0930626618135139
-0.9913434314727785 0.015353411614894868 1.3455154967308047 0.0 0.46149467904030705 -0.0930626618135139
