1.284131101383426 -1.2881993162808916 0.8623250268210584 0.0 0.3663998924128971 -0.9490787305405447
1.284131101383426 -1.2881993162808916 0.8623250268210584 0.0 0.3663998924128971 -0.9490787305405447
1.284131101383426 -1.2881993162808916 0.8623250268210584 0.0 0.3663998924128971 -0.9490787305405447
1.284131101383426 -1.2881993162808916 0.8623250268210584 0.0 0.3663998924128971 -0.9490787305405447
1.284131101383426 -1.2881993162808916 0.8623250268210584 0.0 0.3663998924128971 -0.9490787305405447
1.284131101383426 -1.3036494872106688 0.8623250268210584 0.0 0.3663998924128971 -0.9490787305405447
1.284131101383426 -1.3190996581404457 0.8623250268210584 0.0 0.3663998924128971 -0.9490787305405447
1.284131101383426 -1.334549829070223 0.8623250268210584 0.0 0.3663998924128971 -0.9490787305405447
1.284131101383426 -1.35 0.8623250268210584 0.0 0.3663998924128971 -0.9490787305405447
1.284131101383426 -1.35 0.8623250268210584 0.0 0.3663998924128971 -0.9490787305405447
1.3005983260375695 -1.35 0.8623250268210584 0.0 0.3663998924128971 -0.9490787305405447
1.317065550691713 -1.35 0.8623250268210584 0.0 0.3663998924128971 -0.9490787305405447
1.3335327753458566 -1.35 0.8623250268210584 0.0 0.3663998924128971 -0.9490787305405447
1.35 -1.35 0.8623250268210584 0.0 0.3663998924128971 -0.9490787305405447
1.35 -1.35 0.8623250268210584 0.0 0.3663998924128971 -0.9490787305405447
0.675 -1.35 0.8623250268210584 0.0 0.3663998924128971 -0.9490787305405447
0.0 -1.35 0.8623250268210584 0.0 0.3663998924128971 -0.9490787305405447
-0.6750000000000003 -1.35 0.8623250268210584 0.0 0.3663998924128971 -0.9490787305405447
-1.35 -1.35 0.8623250268210584 0.0 0.3663998924128971 -0.9490787305405447
-1.35 -0.67525 0.8623250268210584 0.0 0.3663998924128971 -0.9490787305405447
-1.35 -0.0004999999999999449 0.8623250268210584 0.0 0.3663998924128971 -0.9490787305405447
-1.35 0.6742500000000002 0.8623250268210584 0.0 0.3663998924128971 -0.9490787305405447
-1.35 1.3490000000000002 0.8623250268210584 0.0 0.3663998924128971 -0.9490787305405447
-1.35 1.3490000000000002 0.8623250268210584 0.0 0.3663998924128971 -0.9490787305405447
-1.3497500000000002 1.3490000000000002 0.8623250268210584 0.0 0.3663998924128971 -0.9490787305405447
-1.3495000000000001 1.3490000000000002 0.8623250268210584 0.0 0.3663998924128971 -0.9490787305405447
-1.34925 1.3490000000000002 0.8623250268210584 0.0 0.3663998924128971 -0.9490787305405447
-1.3490000000000002 1.3490000000000002 0.8623250268210584 0.0 0.3663998924128971 -0.9490787305405447
-1.3490000000000002 1.3490000000000002 0.8623250268210584 0.0 0.3663998924128971 -0.9490787305405447
-1.3490000000000002 1.3490000000000002 0.8623250268210584 0.0 0.3663998924128971 -0.9490787305405447
-1.3490000000000002 1.3490000000000002 0.8623250268210584 0.0 0.3663998924128971 -0.9490787305405447
-1.3490000000000002 1.3490000000000002 0.8623250268210584 0.0 0.3663998924128971 -0.9490787305405447
-1.3490000000000002 1.3490000000000002 0.8623250268210584 0.0 0.3663998924128971 -0.9490787305405447
-1.3490000000000002 1.3490000000000002 0.9664806153557908 0.0 0.3663998924128971 -0.9490787305405447
-1.3490000000000002 1.3490000000000002 1.070636203890523 0.0 0.3663998924128971 -0.9490787305405447
-1.3490000000000002 1.3490000000000002 1.1747917924252556 0.0 0.3663998924128971 -0.9490787305405447
-1.3490000000000002 1.3490000000000002 1.2789473809599878 0.0 0.3663998924128971 -0.9490787305405447
