-1.2976612813189352 -0.10331642951493647 1.1400617959276613 0.0 0.19896529972923493 0.9655864253097793
-1.3107459609892014 -0.10331642951493647 1.1400617959276613 0.0 0.19896529972923493 0.9655864253097793
-1.3238306406594678 -0.10331642951493647 1.1400617959276613 0.0 0.19896529972923493 0.9655864253097793
-1.336915320329734 -0.10331642951493647 1.1400617959276613 0.0 0.19896529972923493 0.9655864253097793
-1.35 -0.10331642951493647 1.1400617959276613 0.0 0.19896529972923493 0.9655864253097793
-1.35 -0.10331642951493647 1.1400617959276613 0.0 0.19896529972923493 0.9655864253097793
-1.35 -0.10331642951493647 1.1400617959276613 0.0 0.19896529972923493 0.9655864253097793
-1.35 -0.10331642951493647 1.1400617959276613 0.0 0.19896529972923493 0.9655864253097793
-1.35 -0.10331642951493647 1.1400617959276613 0.0 0.19896529972923493 0.9655864253097793
-1.35 -0.10331642951493647 1.1400617959276613 0.0 0.19896529972923493 0.9655864253097793
-1.35 -0.4149873221362024 1.1400617959276613 0.0 0.19896529972923493 0.9655864253097793
-1.35 -0.7266582147574683 1.1400617959276613 0.0 0.19896529972923493 0.9655864253097793
-1.35 -1.0383291073787342 1.1400617959276613 0.0 0.19896529972923493 0.9655864253097793
-1.35 -1.35 1.1400617959276613 0.0 0.19896529972923493 0.9655864253097793
-1.35 -1.35 1.1400617959276613 0.0 0.19896529972923493 0.9655864253097793
-1.2559962699115277 -1.35 1.1400617959276613 0.0 0.19896529972923493 0.9655864253097793
-1.1619925398230553 -1.35 1.1400617959276613 0.0 0.19896529972923493 0.9655864253097793
-1.067988809734583 -1.35 1.1400617959276613 0.0 0.19896529972923493 0.9655864253097793
-0.9739850796461107 -1.35 1.1400617959276613 0.0 0.19896529972923493 0.9655864253097793
-0.9739850796461107 -1.35 1.1400617959276613 0.0 0.19896529972923493 0.9655864253097793
-0.9739850796461107 -1.35 1.1400617959276613 0.0 0.19896529972923493 0.9655864253097793
-0.9739850796461107 -1.35 1.1400617959276613 0.0 0.19896529972923493 0.9655864253097793
-0.9739850796461107 -1.35 1.1400617959276613 0.0 0.19896529972923493 0.9655864253097793
-0.9739850796461107 -1.35 1.1400617959276613 0.0 0.19896529972923493 0.9655864253097793
-0.9739850796461107 -1.292295035019517 1.1400617959276613 0.0 0.19896529972923493 0.9655864253097793
-0.9739850796461107 -1.234590070039034 1.1400617959276613 0.0 0.19896529972923493 0.9655864253097793
-0.9739850796461107 -1.176885105058551 1.1400617959276613 0.0 0.19896529972923493 0.9655864253097793
-0.9739850796461107 -1.1191801400780679 1.1400617959276613 0.0 0.19896529972923493 0.9655864253097793
-0.9739850796461107 -1.1191801400780679 1.1400617959276613 0.0 0.19896529972923493 0.9655864253097793
-0.9739850796461107 -1.1191801400780679 1.1400617959276613 0.0 0.19896529972923493 0.9655864253097793
-0.9739850796461107 -1.1191801400780679 1.1400617959276613 0.0 0.19896529972923493 0.9655864253097793
-0.9739850796461107 -1.1191801400780679 1.1400617959276613 0.0 0.19896529972923493 0.9655864253097793
-0.9739850796461107 -1.1191801400780679 1.1400617959276613 0.0 0.19896529972923493 0.9655864253097793
-0.9739850796461107 -1.1191801400780679 1.1894160193633867 0.0 0.19896529972923493 0.9655864253097793
-0.9739850796461107 -1.1191801400780679 1.238770242799112 0.0 0.19896529972923493 0.9655864253097793
-0.9739850796461107 -1.1191801400780679 1.2881244662348377 0.0 0.19896529972923493 0.9655864253097793
-0.9739850796461107 -1.1191801400780679 1.337478689670563 0.0 0.19896529972923493 0.9655864253097793
