-1.1150019338825499 -0.3370504591693996 0.9282209969541357 0.0 0.23581224153317784 0.07858771500219343
-1.1737514504119124 -0.3370504591693996 0.9282209969541357 0.0 0.23581224153317784 0.07858771500219343
-1.232500966941275 -0.3370504591693996 0.9282209969541357 0.0 0.23581224153317784 0.07858771500219343
-1.2912504834706375 -0.3370504591693996 0.9282209969541357 0.0 0.23581224153317784 0.07858771500219343
-1.35 -0.3370504591693996 0.9282209969541357 0.0 0.23581224153317784 0.07858771500219343
-1.35 -0.3370504591693996 0.9282209969541357 0.0 0.23581224153317784 0.07858771500219343
-1.35 -0.3370504591693996 0.9282209969541357 0.0 0.23581224153317784 0.07858771500219343
-1.35 -0.3370504591693996 0.9282209969541357 0.0 0.23581224153317784 0.07858771500219343
-1.35 -0.3370504591693996 0.9282209969541357 0.0 0.23581224153317784 0.07858771500219343
-1.35 -0.3370504591693996 0.9282209969541357 0.0 0.23581224153317784 0.07858771500219343
-1.35 -0.2829843817785769 0.9282209969541357 0.0 0.23581224153317784 0.07858771500219343
-1.35 -0.22891830438775412 0.9282209969541357 0.0 0.23581224153317784 0.07858771500219343
-1.35 -0.1748522269969314 0.9282209969541357 0.0 0.23581224153317784 0.07858771500219343
-1.35 -0.12078614960610869 0.9282209969541357 0.0 0.23581224153317784 0.07858771500219343
-1.35 -0.12078614960610869 0.9282209969541357 0.0 0.23581224153317784 0.07858771500219343
-1.3325677588731053 -0.12078614960610869 0.9282209969541357 0.0 0.23581224153317784 0.07858771500219343
-1.3151355177462103 -0.12078614960610869 0.9282209969541357 0.0 0.23581224153317784 0.07858771500219343
-1.2977032766193153 -0.12078614960610869 0.9282209969541357 0.0 0.23581224153317784 0.07858771500219343
-1.2802710354924205 -0.12078614960610869 0.9282209969541357 0.0 0.23581224153317784 0.07858771500219343
-1.2802710354924205 -0.12078614960610869 0.9282209969541357 0.0 0.23581224153317784 0.07858771500219343
-1.2802710354924205 -0.12078614960610869 0.9282209969541357 0.0 0.23581224153317784 0.07858771500219343
-1.2802710354924205 -0.12078614960610869 0.9282209969541357 0.0 0.23581224153317784 0.07858771500219343
-1.2802710354924205 -0.12078614960610869 0.9282209969541357 0.0 0.23581224153317784 0.07858771500219343
-1.2802710354924205 -0.12078614960610869 0.9282209969541357 0.0 0.23581224153317784 0.07858771500219343
-1.2802710354924205 -0.12078614960610869 0.9400827455059384 0.0 0.23581224153317784 0.07858771500219343
-1.2802710354924205 -0.12078614960610869 0.9519444940577412 0.0 0.23581224153317784 0.07858771500219343
-1.2802710354924205 -0.12078614960610869 0.963806242609544 0.0 0.23581224153317784 0.07858771500219343
-1.2802710354924205 -0.12078614960610869 0.9756679911613466 0.0 0.23581224153317784 0.07858771500219343
