-1.1380994043431758 -0.7800490630972697 1.1835201131220596 0.0 0.20794072855866985 0.6084095220604179
-1.1910745532573819 -0.7800490630972697 1.1835201131220596 0.0 0.20794072855866985 0.6084095220604179
-1.244049702171588 -0.7800490630972697 1.1835201131220596 0.0 0.20794072855866985 0.6084095220604179
-1.297024851085794 -0.7800490630972697 1.1835201131220596 0.0 0.20794072855866985 0.6084095220604179
-1.35 -0.7800490630972697 1.1835201131220596 0.0 0.20794072855866985 0.6084095220604179
-1.35 -0.7800490630972697 1.1835201131220596 0.0 0.20794072855866985 0.6084095220604179
-1.35 -0.7800490630972697 1.1835201131220596 0.0 0.20794072855866985 0.6084095220604179
-1.35 -0.7800490630972697 1.1835201131220596 0.0 0.20794072855866985 0.6084095220604179
-1.35 -0.7800490630972697 1.1835201131220596 0.0 0.20794072855866985 0.6084095220604179
-1.35 -0.7800490630972697 1.1835201131220596 0.0 0.20794072855866985 0.6084095220604179
-1.35 -0.8159578667363758 1.1835201131220596 0.0 0.20794072855866985 0.6084095220604179
-1.35 -0.851866670375482 1.1835201131220596 0.0 0.20794072855866985 0.6084095220604179
-1.35 -0.8877754740145882 1.1835201131220596 0.0 0.20794072855866985 0.6084095220604179
-1.35 -0.9236842776536943 1.1835201131220596 0.0 0.20794072855866985 0.6084095220604179
-1.35 -0.9236842776536943 1.1835201131220596 0.0 0.20794072855866985 0.6084095220604179
-1.2789473676830532 -0.9236842776536943 1.1835201131220596 0.0 0.20794072855866985 0.6084095220604179
-1.2078947353661063 -0.9236842776536943 1.1835201131220596 0.0 0.20794072855866985 0.6084095220604179
-1.1368421030491591 -0.9236842776536943 1.1835201131220596 0.0 0.20794072855866985 0.6084095220604179
-1.0657894707322122 -0.9236842776536943 1.1835201131220596 0.0 0.20794072855866985 0.6084095220604179
-1.0657894707322122 -0.9236842776536943 1.1835201131220596 0.0 0.20794072855866985 0.6084095220604179
-1.0657894707322122 -0.9236842776536943 1.1835201131220596 0.0 0.20794072855866985 0.6084095220604179
-1.0657894707322122 -0.9236842776536943 1.1835201131220596 0.0 0.20794072855866985 0.6084095220604179
-1.0657894707322122 -0.9236842776536943 1.1835201131220596 0.0 0.20794072855866985 0.6084095220604179
-1.0657894707322122 -0.9236842776536943 1.1835201131220596 0.0 0.20794072855866985 0.6084095220604179
-1.0657894707322122 -0.9236842776536943 1.1718506318119122 0.0 0.20794072855866985 0.6084095220604179
-1.0657894707322122 -0.9236842776536943 1.1601811505017647 0.0 0.20794072855866985 0.6084095220604179
-1.0657894707322122 -0.9236842776536943 1.1485116691916173 0.0 0.20794072855866985 0.6084095220604179
-1.0657894707322122 -0.9236842776536943 1.1368421878814698 0.0 0.20794072855866985 0.6084095220604179
