-1.0710036282448885 -0.6031001963673817 1.1145222371212253 0.0 0.5645997711028711 0.15833050036125768
-1.1407527211836663 -0.6031001963673817 1.1145222371212253 0.0 0.5645997711028711 0.15833050036125768
-1.2105018141224444 -0.6031001963673817 1.1145222371212253 0.0 0.5645997711028711 0.15833050036125768
-1.2802509070612222 -0.6031001963673817 1.1145222371212253 0.0 0.5645997711028711 0.15833050036125768
-1.35 -0.6031001963673817 1.1145222371212253 0.0 0.5645997711028711 0.15833050036125768
-1.35 -0.6031001963673817 1.1145222371212253 0.0 0.5645997711028711 0.15833050036125768
-1.35 -0.6031001963673817 1.1145222371212253 0.0 0.5645997711028711 0.15833050036125768
-1.35 -0.6031001963673817 1.1145222371212253 0.0 0.5645997711028711 0.15833050036125768
-1.35 -0.6031001963673817 1.1145222371212253 0.0 0.5645997711028711 0.15833050036125768
-1.35 -0.6031001963673817 1.1145222371212253 0.0 0.5645997711028711 0.15833050036125768
-1.35 -0.4700883039484759 1.1145222371212253 0.0 0.5645997711028711 0.15833050036125768
-1.35 -0.33707641152957013 1.1145222371212253 0.0 0.5645997711028711 0.15833050036125768
-1.35 -0.20406451911066437 1.1145222371212253 0.0 0.5645997711028711 0.15833050036125768
-1.35 -0.07105262669175864 1.1145222371212253 0.0 0.5645997711028711 0.15833050036125768
-1.35 -0.07105262669175864 1.1145222371212253 0.0 0.5645997711028711 0.15833050036125768
-1.2789473676830532 -0.07105262669175864 1.1145222371212253 0.0 0.5645997711028711 0.15833050036125768
-1.2078947353661063 -0.07105262669175864 1.1145222371212253 0.0 0.5645997711028711 0.15833050036125768
-1.1368421030491591 -0.07105262669175864 1.1145222371212253 0.0 0.5645997711028711 0.15833050036125768
-1.0657894707322122 -0.07105262669175864 1.1145222371212253 0.0 0.5645997711028711 0.15833050036125768
-1.0657894707322122 -0.07105262669175864 1.1145222371212253 0.0 0.5645997711028711 0.15833050036125768
-1.0657894707322122 -0.07105262669175864 1.1145222371212253 0.0 0.5645997711028711 0.15833050036125768
-1.0657894707322122 -0.07105262669175864 1.1145222371212253 0.0 0.5645997711028711 0.15833050036125768
-1.0657894707322122 -0.07105262669175864 1.1145222371212253 0.0 0.5645997711028711 0.15833050036125768
-1.0657894707322122 -0.07105262669175864 1.1145222371212253 0.0 0.5645997711028711 0.15833050036125768
-1.0657894707322122 -0.07105262669175864 1.155628523080916 0.0 0.5645997711028711 0.15833050036125768
-1.0657894707322122 -0.07105262669175864 1.1967348090406067 0.0 0.5645997711028711 0.15833050036125768
-1.0657894707322122 -0.07105262669175864 1.2378410950002972 0.0 0.5645997711028711 0.15833050036125768
-1.0657894707322122 -0.07105262669175864 1.2789473809599878 0.0 0.5645997711028711 0.15833050036125768
