-1.3011089809854564 1.358152402885257 1.167663933297131 0.0 0.08786511301022523 0.6654016816704846
-1.3011089809854564 1.358152402885257 1.167663933297131 0.0 0.08786511301022523 0.6654016816704846
-1.3011089809854564 1.358152402885257 1.167663933297131 0.0 0.08786511301022523 0.6654016816704846
-1.3011089809854564 1.358152402885257 1.167663933297131 0.0 0.08786511301022523 0.6654016816704846
-1.3011089809854564 1.358152402885257 1.167663933297131 0.0 0.08786511301022523 0.6654016816704846
-1.3011089809854564 1.3561143021639428 1.167663933297131 0.0 0.08786511301022523 0.6654016816704846
-1.3011089809854564 1.3540762014426284 1.167663933297131 0.0 0.08786511301022523 0.6654016816704846
-1.3011089809854564 1.3520381007213143 1.167663933297131 0.0 0.08786511301022523 0.6654016816704846
-1.3011089809854564 1.35 1.167663933297131 0.0 0.08786511301022523 0.6654016816704846
-1.3011089809854564 1.35 1.167663933297131 0.0 0.08786511301022523 0.6654016816704846
-1.3133317357390923 1.35 1.167663933297131 0.0 0.08786511301022523 0.6654016816704846
-1.325554490492728 1.35 1.167663933297131 0.0 0.08786511301022523 0.6654016816704846
-1.337777245246364 1.35 1.167663933297131 0.0 0.08786511301022523 0.6654016816704846
-1.35 1.35 1.167663933297131 0.0 0.08786511301022523 0.6654016816704846
-1.35 1.35 1.167663933297131 0.0 0.08786511301022523 0.6654016816704846
-1.35 1.35 1.167663933297131 0.0 0.08786511301022523 0.6654016816704846
-1.35 1.35 1.167663933297131 0.0 0.08786511301022523 0.6654016816704846
-1.35 1.35 1.167663933297131 0.0 0.08786511301022523 0.6654016816704846
-1.35 1.35 1.167663933297131 0.0 0.08786511301022523 0.6654016816704846
-1.35 0.746052632316947 1.167663933297131 0.0 0.08786511301022523 0.6654016816704846
-1.35 0.14210526463389384 1.167663933297131 0.0 0.08786511301022523 0.6654016816704846
-1.35 -0.4618421030491593 1.167663933297131 0.0 0.08786511301022523 0.6654016816704846
-1.35 -1.0657894707322122 1.167663933297131 0.0 0.08786511301022523 0.6654016816704846
-1.35 -1.0657894707322122 1.167663933297131 0.0 0.08786511301022523 0.6654016816704846
-1.3144737061560154 -1.0657894707322122 1.167663933297131 0.0 0.08786511301022523 0.6654016816704846
-1.2789474123120308 -1.0657894707322122 1.167663933297131 0.0 0.08786511301022523 0.6654016816704846
-1.2434211184680464 -1.0657894707322122 1.167663933297131 0.0 0.08786511301022523 0.6654016816704846
-1.2078948246240617 -1.0657894707322122 1.167663933297131 0.0 0.08786511301022523 0.6654016816704846
-1.2078948246240617 -1.0657894707322122 1.167663933297131 0.0 0.08786511301022523 0.6654016816704846
-1.2078948246240617 -1.0657894707322122 1.167663933297131 0.0 0.08786511301022523 0.6654016816704846
-1.2078948246240617 -1.0657894707322122 1.167663933297131 0.0 0.08786511301022523 0.6654016816704846
-1.2078948246240617 -1.0657894707322122 1.167663933297131 0.0 0.08786511301022523 0.6654016816704846
-1.2078948246240617 -1.0657894707322122 1.167663933297131 0.0 0.08786511301022523 0.6654016816704846
-1.2078948246240617 -1.0657894707322122 1.1599584969432157 0.0 0.08786511301022523 0.6654016816704846
-1.2078948246240617 -1.0657894707322122 1.1522530605893004 0.0 0.08786511301022523 0.6654016816704846
-1.2078948246240617 -1.0657894707322122 1.1445476242353851 0.0 0.08786511301022523 0.6654016816704846
-1.2078948246240617 -1.0657894707322122 1.1368421878814698 0.0 0.08786511301022523 0.6654016816704846
