-0.6133778810091298 0.7023481482622209 0.7411787903159306 0.0 0.08824921357463296 2.470525490113021
-0.6133778810091298 0.7023481482622209 0.7411787903159306 0.0 0.08824921357463296 2.470525490113021
-0.6133778810091298 0.7023481482622209 0.7411787903159306 0.0 0.08824921357463296 2.470525490113021
-0.6133778810091298 0.7023481482622209 0.7411787903159306 0.0 0.08824921357463296 2.470525490113021
-0.6133778810091298 0.7023481482622209 0.7411787903159306 0.0 0.08824921357463296 2.470525490113021
-0.6133778810091298 0.8642611111966657 0.7411787903159306 0.0 0.08824921357463296 2.470525490113021
-0.6133778810091298 1.0261740741311105 0.7411787903159306 0.0 0.08824921357463296 2.470525490113021
-0.6133778810091298 1.1880870370655554 0.7411787903159306 0.0 0.08824921357463296 2.470525490113021
-0.6133778810091298 1.35 0.7411787903159306 0.0 0.08824921357463296 2.470525490113021
-0.6133778810091298 1.35 0.7411787903159306 0.0 0.08824921357463296 2.470525490113021
-0.7975334107568474 1.35 0.7411787903159306 0.0 0.08824921357463296 2.470525490113021
-0.981688940504565 1.35 0.7411787903159306 0.0 0.08824921357463296 2.470525490113021
-1.1658444702522825 1.35 0.7411787903159306 0.0 0.08824921357463296 2.470525490113021
-1.35 1.35 0.7411787903159306 0.0 0.08824921357463296 2.470525490113021
-1.35 1.35 0.7411787903159306 0.0 0.08824921357463296 2.470525490113021
-0.675 1.35 0.7411787903159306 0.0 0.08824921357463296 2.470525490113021
0.0 1.35 0.7411787903159306 0.0 0.08824921357463296 2.470525490113021
0.6750000000000003 1.35 0.7411787903159306 0.0 0.08824921357463296 2.470525490113021
1.35 1.35 0.7411787903159306 0.0 0.08824921357463296 2.470525490113021
1.35 0.67525 0.7411787903159306 0.0 0.08824921357463296 2.470525490113021
1.35 0.0004999999999999449 0.7411787903159306 0.0 0.08824921357463296 2.470525490113021
1.35 -0.6742500000000002 0.7411787903159306 0.0 0.08824921357463296 2.470525490113021
1.35 -1.3490000000000002 0.7411787903159306 0.0 0.08824921357463296 2.470525490113021
1.35 -1.3490000000000002 0.7411787903159306 0.0 0.08824921357463296 2.470525490113021
1.3497500000000002 -1.3490000000000002 0.7411787903159306 0.0 0.08824921357463296 2.470525490113021
1.3495000000000001 -1.3490000000000002 0.7411787903159306 0.0 0.08824921357463296 2.470525490113021
1.34925 -1.3490000000000002 0.7411787903159306 0.0 0.08824921357463296 2.470525490113021
1.3490000000000002 -1.3490000000000002 0.7411787903159306 0.0 0.08824921357463296 2.470525490113021
1.3490000000000002 -1.3490000000000002 0.7411787903159306 0.0 0.08824921357463296 2.470525490113021
1.3490000000000002 -1.3490000000000002 0.7411787903159306 0.0 0.08824921357463296 2.470525490113021
1.3490000000000002 -1.3490000000000002 0.7411787903159306 0.0 0.08824921357463296 2.470525490113021
1.3490000000000002 -1.3490000000000002 0.7411787903159306 0.0 0.08824921357463296 2.470525490113021
1.3490000000000002 -1.3490000000000002 0.7411787903159306 0.0 0.08824921357463296 2.470525490113021
1.3490000000000002 -1.3490000000000002 0.804568301234353 0.0 0.08824921357463296 2.470525490113021
1.3490000000000002 -1.3490000000000002 0.8679578121527755 0.0 0.08824921357463296 2.470525490113021
1.3490000000000002 -1.3490000000000002 0.9313473230711979 0.0 0.08824921357463296 2.470525490113021
1.3490000000000002 -1.3490000000000002 0.9947368339896203 0.0 0.08824921357463296 2.470525490113021
