-1.1243831171938325 -0.4465123416307073 0.9933055236348527 0.0 0.17091096447043283 0.28048269270877674
-1.1807873378953744 -0.4465123416307073 0.9933055236348527 0.0 0.17091096447043283 0.28048269270877674
-1.2371915585969164 -0.4465123416307073 0.9933055236348527 0.0 0.17091096447043283 0.28048269270877674
-1.2935957792984583 -0.4465123416307073 0.9933055236348527 0.0 0.17091096447043283 0.28048269270877674
-1.35 -0.4465123416307073 0.9933055236348527 0.0 0.17091096447043283 0.28048269270877674
-1.35 -0.4465123416307073 0.9933055236348527 0.0 0.17091096447043283 0.28048269270877674
-1.35 -0.4465123416307073 0.9933055236348527 0.0 0.17091096447043283 0.28048269270877674
-1.35 -0.4465123416307073 0.9933055236348527 0.0 0.17091096447043283 0.28048269270877674
-1.35 -0.4465123416307073 0.9933055236348527 0.0 0.17091096447043283 0.28048269270877674
-1.35 -0.4465123416307073 0.9933055236348527 0.0 0.17091096447043283 0.28048269270877674
-1.35 -0.4219429152326659 0.9933055236348527 0.0 0.17091096447043283 0.28048269270877674
-1.35 -0.39737348883462453 0.9933055236348527 0.0 0.17091096447043283 0.28048269270877674
-1.35 -0.3728040624365832 0.9933055236348527 0.0 0.17091096447043283 0.28048269270877674
-1.35 -0.3482346360385418 0.9933055236348527 0.0 0.17091096447043283 0.28048269270877674
-1.35 -0.3482346360385418 0.9933055236348527 0.0 0.17091096447043283 0.28048269270877674
-1.2873738656491043 -0.3482346360385418 0.9933055236348527 0.0 0.17091096447043283 0.28048269270877674
-1.2247477312982085 -0.3482346360385418 0.9933055236348527 0.0 0.17091096447043283 0.28048269270877674
-1.1621215969473124 -0.3482346360385418 0.9933055236348527 0.0 0.17091096447043283 0.28048269270877674
-1.0994954625964166 -0.3482346360385418 0.9933055236348527 0.0 0.17091096447043283 0.28048269270877674
-1.0994954625964166 -0.3482346360385418 0.9933055236348527 0.0 0.17091096447043283 0.28048269270877674
-1.0994954625964166 -0.3482346360385418 0.9933055236348527 0.0 0.17091096447043283 0.28048269270877674
-1.0994954625964166 -0.3482346360385418 0.9933055236348527 0.0 0.17091096447043283 0.28048269270877674
-1.0994954625964166 -0.3482346360385418 0.9933055236348527 0.0 0.17091096447043283 0.28048269270877674
-1.0994954625964166 -0.3482346360385418 0.9933055236348527 0.0 0.17091096447043283 0.28048269270877674
-1.0994954625964166 -0.3482346360385418 0.9770819891101881 0.0 0.17091096447043283 0.28048269270877674
-1.0994954625964166 -0.3482346360385418 0.9608584545855233 0.0 0.17091096447043283 0.28048269270877674
-1.0994954625964166 -0.3482346360385418 0.9446349200608586 0.0 0.17091096447043283 0.28048269270877674
-1.0994954625964166 -0.3482346360385418 0.928411385536194 0.0 0.17091096447043283 0.28048269270877674
