-1.1693719064035206 -1.0910335499669779 1.0703082606789653 0.0 0.2386728878906356 -3.0944038809259506
-1.2145289298026405 -1.0910335499669779 1.0703082606789653 0.0 0.2386728878906356 -3.0944038809259506
-1.2596859532017604 -1.0910335499669779 1.0703082606789653 0.0 0.2386728878906356 -3.0944038809259506
-1.3048429766008802 -1.0910335499669779 1.0703082606789653 0.0 0.2386728878906356 -3.0944038809259506
-1.35 -1.0910335499669779 1.0703082606789653 0.0 0.2386728878906356 -3.0944038809259506
-1.35 -1.0910335499669779 1.0703082606789653 0.0 0.2386728878906356 -3.0944038809259506
-1.35 -1.0910335499669779 1.0703082606789653 0.0 0.2386728878906356 -3.0944038809259506
-1.35 -1.0910335499669779 1.0703082606789653 0.0 0.2386728878906356 -3.0944038809259506
-1.35 -1.0910335499669779 1.0703082606789653 0.0 0.2386728878906356 -3.0944038809259506
-1.35 -1.0910335499669779 1.0703082606789653 0.0 0.2386728878906356 -3.0944038809259506
-1.35 -1.1557751624752335 1.0703082606789653 0.0 0.2386728878906356 -3.0944038809259506
-1.35 -1.2205167749834889 1.0703082606789653 0.0 0.2386728878906356 -3.0944038809259506
-1.35 -1.2852583874917445 1.0703082606789653 0.0 0.2386728878906356 -3.0944038809259506
-1.35 -1.35 1.0703082606789653 0.0 0.2386728878906356 -3.0944038809259506
-1.35 -1.35 1.0703082606789653 0.0 0.2386728878906356 -3.0944038809259506
-0.675 -1.35 1.0703082606789653 0.0 0.2386728878906356 -3.0944038809259506
0.0 -1.35 1.0703082606789653 0.0 0.2386728878906356 -3.0944038809259506
0.6750000000000003 -1.35 1.0703082606789653 0.0 0.2386728878906356 -3.0944038809259506
1.35 -1.35 1.0703082606789653 0.0 0.2386728878906356 -3.0944038809259506
1.35 -1.0302631566729397 1.0703082606789653 0.0 0.2386728878906356 -3.0944038809259506
1.35 -0.7105263133458793 1.0703082606789653 0.0 0.2386728878906356 -3.0944038809259506
1.35 -0.39078947001881903 1.0703082606789653 0.0 0.2386728878906356 -3.0944038809259506
1.35 -0.07105262669175864 1.0703082606789653 0.0 0.2386728878906356 -3.0944038809259506
1.35 -0.07105262669175864 1.0703082606789653 0.0 0.2386728878906356 -3.0944038809259506
1.3497500000000002 -0.07105262669175864 1.0703082606789653 0.0 0.2386728878906356 -3.0944038809259506
1.3495000000000001 -0.07105262669175864 1.0703082606789653 0.0 0.2386728878906356 -3.0944038809259506
1.34925 -0.07105262669175864 1.0703082606789653 0.0 0.2386728878906356 -3.0944038809259506
1.3490000000000002 -0.07105262669175864 1.0703082606789653 0.0 0.2386728878906356 -3.0944038809259506
1.3490000000000002 -0.07105262669175864 1.0703082606789653 0.0 0.2386728878906356 -3.0944038809259506
1.3490000000000002 -0.07105262669175864 1.0703082606789653 0.0 0.2386728878906356 -3.0944038809259506
1.3490000000000002 -0.07105262669175864 1.0703082606789653 0.0 0.2386728878906356 -3.0944038809259506
1.3490000000000002 -0.07105262669175864 1.0703082606789653 0.0 0.2386728878906356 -3.0944038809259506
1.3490000000000002 -0.07105262669175864 1.0703082606789653 0.0 0.2386728878906356 -3.0944038809259506
1.3490000000000002 -0.07105262669175864 1.122468040749221 0.0 0.2386728878906356 -3.0944038809259506
1.3490000000000002 -0.07105262669175864 1.1746278208194765 0.0 0.2386728878906356 -3.0944038809259506
1.3490000000000002 -0.07105262669175864 1.2267876008897323 0.0 0.2386728878906356 -3.0944038809259506
1.3490000000000002 -0.07105262669175864 1.2789473809599878 0.0 0.2386728878906356 -3.0944038809259506
