1.278775083669824 -0.11285993713659645 1.1712687228832546 0.0 0.25148549449417534 0.02408806307568181
1.296581312752368 -0.11285993713659645 1.1712687228832546 0.0 0.25148549449417534 0.02408806307568181
1.314387541834912 -0.11285993713659645 1.1712687228832546 0.0 0.25148549449417534 0.02408806307568181
1.332193770917456 -0.11285993713659645 1.1712687228832546 0.0 0.25148549449417534 0.02408806307568181
1.35 -0.11285993713659645 1.1712687228832546 0.0 0.25148549449417534 0.02408806307568181
1.35 -0.11285993713659645 1.1712687228832546 0.0 0.25148549449417534 0.02408806307568181
1.35 -0.11285993713659645 1.1712687228832546 0.0 0.25148549449417534 0.02408806307568181
1.35 -0.11285993713659645 1.1712687228832546 0.0 0.25148549449417534 0.02408806307568181
1.35 -0.11285993713659645 1.1712687228832546 0.0 0.25148549449417534 0.02408806307568181
1.35 -0.11285993713659645 1.1712687228832546 0.0 0.25148549449417534 0.02408806307568181
1.35 -0.42214495285244735 1.1712687228832546 0.0 0.25148549449417534 0.02408806307568181
1.35 -0.7314299685682983 1.1712687228832546 0.0 0.25148549449417534 0.02408806307568181
1.35 -1.0407149842841492 1.1712687228832546 0.0 0.25148549449417534 0.02408806307568181
1.35 -1.35 1.1712687228832546 0.0 0.25148549449417534 0.02408806307568181
1.35 -1.35 1.1712687228832546 0.0 0.25148549449417534 0.02408806307568181
0.675 -1.35 1.1712687228832546 0.0 0.25148549449417534 0.02408806307568181
0.0 -1.35 1.1712687228832546 0.0 0.25148549449417534 0.02408806307568181
-0.6750000000000003 -1.35 1.1712687228832546 0.0 0.25148549449417534 0.02408806307568181
-1.35 -1.35 1.1712687228832546 0.0 0.25148549449417534 0.02408806307568181
-1.35 -1.0302631566729397 1.1712687228832546 0.0 0.25148549449417534 0.02408806307568181
-1.35 -0.7105263133458793 1.1712687228832546 0.0 0.25148549449417534 0.02408806307568181
-1.35 -0.39078947001881903 1.1712687228832546 0.0 0.25148549449417534 0.02408806307568181
-1.35 -0.07105262669175864 1.1712687228832546 0.0 0.25148549449417534 0.02408806307568181
-1.35 -0.07105262669175864 1.1712687228832546 0.0 0.25148549449417534 0.02408806307568181
-1.3497500000000002 -0.07105262669175864 1.1712687228832546 0.0 0.25148549449417534 0.02408806307568181
-1.3495000000000001 -0.07105262669175864 1.1712687228832546 0.0 0.25148549449417534 0.02408806307568181
-1.34925 -0.07105262669175864 1.1712687228832546 0.0 0.25148549449417534 0.02408806307568181
-1.3490000000000002 -0.07105262669175864 1.1712687228832546 0.0 0.25148549449417534 0.02408806307568181
-1.3490000000000002 -0.07105262669175864 1.1712687228832546 0.0 0.25148549449417534 0.02408806307568181
-1.3490000000000002 -0.07105262669175864 1.1712687228832546 0.0 0.25148549449417534 0.02408806307568181
-1.3490000000000002 -0.07105262669175864 1.1712687228832546 0.0 0.25148549449417534 0.02408806307568181
-1.3490000000000002 -0.07105262669175864 1.1712687228832546 0.0 0.25148549449417534 0.02408806307568181
-1.3490000000000002 -0.07105262669175864 1.1712687228832546 0.0 0.25148549449417534 0.02408806307568181
-1.3490000000000002 -0.07105262669175864 1.198188387402438 0.0 0.25148549449417534 0.02408806307568181
-1.3490000000000002 -0.07105262669175864 1.2251080519216213 0.0 0.25148549449417534 0.02408806307568181
-1.3490000000000002 -0.07105262669175864 1.2520277164408045 0.0 0.25148549449417534 0.02408806307568181
-1.3490000000000002 -0.07105262669175864 1.2789473809599878 0.0 0.25148549449417534 0.02408806307568181
