-1.096476288856857 -0.5066958969125743 1.1648250491412382 0.0 0.3962821247207624 0.6090731058677527
-1.1598572166426429 -0.5066958969125743 1.1648250491412382 0.0 0.3962821247207624 0.6090731058677527
-1.2232381444284286 -0.5066958969125743 1.1648250491412382 0.0 0.3962821247207624 0.6090731058677527
-1.2866190722142143 -0.5066958969125743 1.1648250491412382 0.0 0.3962821247207624 0.6090731058677527
-1.35 -0.5066958969125743 1.1648250491412382 0.0 0.3962821247207624 0.6090731058677527
-1.35 -0.5066958969125743 1.1648250491412382 0.0 0.3962821247207624 0.6090731058677527
-1.35 -0.5066958969125743 1.1648250491412382 0.0 0.3962821247207624 0.6090731058677527
-1.35 -0.5066958969125743 1.1648250491412382 0.0 0.3962821247207624 0.6090731058677527
-1.35 -0.5066958969125743 1.1648250491412382 0.0 0.3962821247207624 0.6090731058677527
-1.35 -0.5066958969125743 1.1648250491412382 0.0 0.3962821247207624 0.6090731058677527
-1.35 -0.5398903453044293 1.1648250491412382 0.0 0.3962821247207624 0.6090731058677527
-1.35 -0.5730847936962842 1.1648250491412382 0.0 0.3962821247207624 0.6090731058677527
-1.35 -0.606279242088139 1.1648250491412382 0.0 0.3962821247207624 0.6090731058677527
-1.35 -0.6394736904799939 1.1648250491412382 0.0 0.3962821247207624 0.6090731058677527
-1.35 -0.6394736904799939 1.1648250491412382 0.0 0.3962821247207624 0.6090731058677527
-1.2789473676830532 -0.6394736904799939 1.1648250491412382 0.0 0.3962821247207624 0.6090731058677527
-1.2078947353661063 -0.6394736904799939 1.1648250491412382 0.0 0.3962821247207624 0.6090731058677527
-1.1368421030491591 -0.6394736904799939 1.1648250491412382 0.0 0.3962821247207624 0.6090731058677527
-1.0657894707322122 -0.6394736904799939 1.1648250491412382 0.0 0.3962821247207624 0.6090731058677527
-1.0657894707322122 -0.6394736904799939 1.1648250491412382 0.0 0.3962821247207624 0.6090731058677527
-1.0657894707322122 -0.6394736904799939 1.1648250491412382 0.0 0.3962821247207624 0.6090731058677527
-1.0657894707322122 -0.6394736904799939 1.1648250491412382 0.0 0.3962821247207624 0.6090731058677527
-1.0657894707322122 -0.6394736904799939 1.1648250491412382 0.0 0.3962821247207624 0.6090731058677527
-1.0657894707322122 -0.6394736904799939 1.1648250491412382 0.0 0.3962821247207624 0.6090731058677527
-1.0657894707322122 -0.6394736904799939 1.1578293338262962 0.0 0.3962821247207624 0.6090731058677527
-1.0657894707322122 -0.6394736904799939 1.1508336185113541 0.0 0.3962821247207624 0.6090731058677527
-1.0657894707322122 -0.6394736904799939 1.1438379031964119 0.0 0.3962821247207624 0.6090731058677527
-1.0657894707322122 -0.6394736904799939 1.1368421878814698 0.0 0.3962821247207624 0.6090731058677527
