-1.1011884301572605 -0.914267753926992 1.1575324458761698 0.0 -0.10951377573517433 -0.9702168376709616
-1.1633913226179455 -0.914267753926992 1.1575324458761698 0.0 -0.10951377573517433 -0.9702168376709616
-1.2255942150786303 -0.914267753926992 1.1575324458761698 0.0 -0.10951377573517433 -0.9702168376709616
-1.287797107539315 -0.914267753926992 1.1575324458761698 0.0 -0.10951377573517433 -0.9702168376709616
-1.35 -0.914267753926992 1.1575324458761698 0.0 -0.10951377573517433 -0.9702168376709616
-1.35 -0.914267753926992 1.1575324458761698 0.0 -0.10951377573517433 -0.9702168376709616
-1.35 -0.914267753926992 1.1575324458761698 0.0 -0.10951377573517433 -0.9702168376709616
-1.35 -0.914267753926992 1.1575324458761698 0.0 -0.10951377573517433 -0.9702168376709616
-1.35 -0.914267753926992 1.1575324458761698 0.0 -0.10951377573517433 -0.9702168376709616
-1.35 -0.914267753926992 1.1575324458761698 0.0 -0.10951377573517433 -0.9702168376709616
-1.35 -0.34820081544524395 1.1575324458761698 0.0 -0.10951377573517433 -0.9702168376709616
-1.35 0.2178661230365041 1.1575324458761698 0.0 -0.10951377573517433 -0.9702168376709616
-1.35 0.7839330615182522 1.1575324458761698 0.0 -0.10951377573517433 -0.9702168376709616
-1.35 1.35 1.1575324458761698 0.0 -0.10951377573517433 -0.9702168376709616
-1.35 1.35 1.1575324458761698 0.0 -0.10951377573517433 -0.9702168376709616
-1.1723684226199986 1.35 1.1575324458761698 0.0 -0.10951377573517433 -0.9702168376709616
-0.994736845239997 1.35 1.1575324458761698 0.0 -0.10951377573517433 -0.9702168376709616
-0.8171052678599955 1.35 1.1575324458761698 0.0 -0.10951377573517433 -0.9702168376709616
-0.6394736904799939 1.35 1.1575324458761698 0.0 -0.10951377573517433 -0.9702168376709616
-0.6394736904799939 1.35 1.1575324458761698 0.0 -0.10951377573517433 -0.9702168376709616
-0.6394736904799939 1.35 1.1575324458761698 0.0 -0.10951377573517433 -0.9702168376709616
-0.6394736904799939 1.35 1.1575324458761698 0.0 -0.10951377573517433 -0.9702168376709616
-0.6394736904799939 1.35 1.1575324458761698 0.0 -0.10951377573517433 -0.9702168376709616
-0.6394736904799939 1.35 1.1575324458761698 0.0 -0.10951377573517433 -0.9702168376709616
-0.6394736904799939 1.2078947510421276 1.1575324458761698 0.0 -0.10951377573517433 -0.9702168376709616
-0.6394736904799939 1.0657895020842554 1.1575324458761698 0.0 -0.10951377573517433 -0.9702168376709616
-0.6394736904799939 0.9236842531263829 1.1575324458761698 0.0 -0.10951377573517433 -0.9702168376709616
-0.6394736904799939 0.7815790041685106 1.1575324458761698 0.0 -0.10951377573517433 -0.9702168376709616
-0.6394736904799939 0.7815790041685106 1.1575324458761698 0.0 -0.10951377573517433 -0.9702168376709616
-0.6394736904799939 0.7815790041685106 1.1575324458761698 0.0 -0.10951377573517433 -0.9702168376709616
-0.6394736904799939 0.7815790041685106 1.1575324458761698 0.0 -0.10951377573517433 -0.9702168376709616
-0.6394736904799939 0.7815790041685106 1.1575324458761698 0.0 -0.10951377573517433 -0.9702168376709616
-0.6394736904799939 0.7815790041685106 1.1575324458761698 0.0 -0.10951377573517433 -0.9702168376709616
-0.6394736904799939 0.7815790041685106 1.045780926263607 0.0 -0.10951377573517433 -0.9702168376709616
-0.6394736904799939 0.7815790041685106 0.9340294066510442 0.0 -0.10951377573517433 -0.9702168376709616
-0.6394736904799939 0.7815790041685106 0.8222778870384815 0.0 -0.10951377573517433 -0.9702168376709616
-0.6394736904799939 0.7815790041685106 0.7105263674259187 0.0 -0.10951377573517433 -0.9702168376709616
