-1.022664354384404 -0.02940351032877063 1.1427403953220474 0.0 0.4463606885390345 0.45703382128585207
-1.1044982657883031 -0.02940351032877063 1.1427403953220474 0.0 0.4463606885390345 0.45703382128585207
-1.186332177192202 -0.02940351032877063 1.1427403953220474 0.0 0.4463606885390345 0.45703382128585207
-1.268166088596101 -0.02940351032877063 1.1427403953220474 0.0 0.4463606885390345 0.45703382128585207
-1.35 -0.02940351032877063 1.1427403953220474 0.0 0.4463606885390345 0.45703382128585207
-1.35 -0.02940351032877063 1.1427403953220474 0.0 0.4463606885390345 0.45703382128585207
-1.35 -0.02940351032877063 1.1427403953220474 0.0 0.4463606885390345 0.45703382128585207
-1.35 -0.02940351032877063 1.1427403953220474 0.0 0.4463606885390345 0.45703382128585207
-1.35 -0.02940351032877063 1.1427403953220474 0.0 0.4463606885390345 0.45703382128585207
-1.35 -0.02940351032877063 1.1427403953220474 0.0 0.4463606885390345 0.45703382128585207
-1.35 -0.1463947369952805 1.1427403953220474 0.0 0.4463606885390345 0.45703382128585207
-1.35 -0.2633859636617904 1.1427403953220474 0.0 0.4463606885390345 0.45703382128585207
-1.35 -0.3803771903283003 1.1427403953220474 0.0 0.4463606885390345 0.45703382128585207
-1.35 -0.49736841699481016 1.1427403953220474 0.0 0.4463606885390345 0.45703382128585207
-1.35 -0.49736841699481016 1.1427403953220474 0.0 0.4463606885390345 0.45703382128585207
-1.3144737061560154 -0.49736841699481016 1.1427403953220474 0.0 0.4463606885390345 0.45703382128585207
-1.2789474123120308 -0.49736841699481016 1.1427403953220474 0.0 0.4463606885390345 0.45703382128585207
-1.2434211184680464 -0.49736841699481016 1.1427403953220474 0.0 0.4463606885390345 0.45703382128585207
-1.2078948246240617 -0.49736841699481016 1.1427403953220474 0.0 0.4463606885390345 0.45703382128585207
-1.2078948246240617 -0.49736841699481016 1.1427403953220474 0.0 0.4463606885390345 0.45703382128585207
-1.2078948246240617 -0.49736841699481016 1.1427403953220474 0.0 0.4463606885390345 0.45703382128585207
-1.2078948246240617 -0.49736841699481016 1.1427403953220474 0.0 0.4463606885390345 0.45703382128585207
-1.2078948246240617 -0.49736841699481016 1.1427403953220474 0.0 0.4463606885390345 0.45703382128585207
-1.2078948246240617 -0.49736841699481016 1.1427403953220474 0.0 0.4463606885390345 0.45703382128585207
-1.2078948246240617 -0.49736841699481016 1.141265843461903 0.0 0.4463606885390345 0.45703382128585207
-1.2078948246240617 -0.49736841699481016 1.1397912916017585 0.0 0.4463606885390345 0.45703382128585207
-1.2078948246240617 -0.49736841699481016 1.1383167397416143 0.0 0.4463606885390345 0.45703382128585207
-1.2078948246240617 -0.49736841699481016 1.1368421878814698 0.0 0.4463606885390345 0.45703382128585207
