2025-02-05 20:59:29 -1.04009 -1.15924 0.758901 -0.599755 -7.7593 49.3915 -25.7831
2025-02-05 20:59:41 -1.10169 -0.748135 0.8313 -1.04254 -7.90161 40.3144 -17.1887
2025-02-05 21:00:02 -1.09997 -0.742824 1.16146 -0.415722 -7.61886 40.0924 0
2025-02-05 21:01:09 0.308211 -1.3854 1.07241 -0.67858 -7.83859 106.421 -7.52016
2025-02-05 21:02:27 -1.36997 0.661636 1.00998 -1.03379 -8.1045 -33.636 2.52329
2025-02-05 21:03:42 -0.787752 -1.20206 0.934276 -0.952262 -7.90335 60.7166 -0.96253
2025-02-05 21:04:29 -1.02129 -0.973984 0.831739 -0.930952 -8.03408 45.089 -12.9437
2025-02-05 21:05:01 -1.06822 -1.03589 0.840337 -0.498561 -8.26982 40.2866 -8.70153
2025-02-05 21:06:13 -1.22376 0.577444 1.12117 -0.490155 -7.9197 -25.4485 5.58004
2025-02-05 21:08:29 1.05056 -0.931195 0.909647 -1.06115 -8.52449 139.142 -1.29163
2025-02-05 21:10:18 -0.587628 1.05955 0.832074 -0.925727 -9.20187 -67.3904 -11.848
2025-02-05 21:12:00 -0.978975 -0.932995 0.756138 -1.25735 -9.05465 56.4257 -9.96057
2025-02-05 21:12:38 -1.2474 -0.906778 0.692881 -1.05998 -9.63181 48.8074 -16.3341
2025-02-05 21:14:52 1.28225 1.1988 1.21931 -0.280737 -8.19424 -146.934 6.86221
2025-02-05 21:17:02 -1.30221 -0.843929 0.737305 -0.734951 -8.59386 35.2731 -13.1834
2025-02-05 21:17:39 -1.33018 -1.06431 0.700595 -0.41098 -9.19365 35.0983 -15.4227
2025-02-05 21:19:31 1.28454 1.07675 0.682047 -1.10221 -8.83499 -143.185 -5.24375
