-1.2553782420124384 -0.8115888382120015 0.6953419164703005 0.0 -0.26917662847930257 0.7251088962665985
-1.3026891210062193 -0.8115888382120015 0.6953419164703005 0.0 -0.26917662847930257 0.7251088962665985
-1.35 -0.8115888382120015 0.6953419164703005 0.0 -0.26917662847930257 0.7251088962665985
-1.35 -0.8115888382120015 0.6953419164703005 0.0 -0.26917662847930257 0.7251088962665985
-1.35 -0.8115888382120015 0.6953419164703005 0.0 -0.26917662847930257 0.7251088962665985
-1.35 -0.8115888382120015 0.6953419164703005 0.0 -0.26917662847930257 0.7251088962665985
-1.35 -0.9386891544721068 0.6953419164703005 0.0 -0.26917662847930257 0.7251088962665985
-1.35 -1.0657894707322122 0.6953419164703005 0.0 -0.26917662847930257 0.7251088962665985
-1.35 -1.0657894707322122 0.6953419164703005 0.0 -0.26917662847930257 0.7251088962665985
-1.3495000000000001 -1.0657894707322122 0.6953419164703005 0.0 -0.26917662847930257 0.7251088962665985
-1.3490000000000002 -1.0657894707322122 0.6953419164703005 0.0 -0.26917662847930257 0.7251088962665985
-1.3490000000000002 -1.0657894707322122 0.6953419164703005 0.0 -0.26917662847930257 0.7251088962665985
-1.3490000000000002 -1.0657894707322122 0.6953419164703005 0.0 -0.26917662847930257 0.7251088962665985
-1.3490000000000002 -1.0657894707322122 0.6953419164703005 0.0 -0.26917662847930257 0.7251088962665985
-1.3490000000000002 -1.0657894707322122 0.7029341419481097 0.0 -0.26917662847930257 0.7251088962665985
-1.3490000000000002 -1.0657894707322122 0.7105263674259187 0.0 -0.26917662847930257 0.7251088962665985
