-1.283055126531842 -1.0316305245302417 0.6592271600318367 0.0 -0.09152068173743645 -2.489246668787512
-1.316527563265921 -1.0316305245302417 0.6592271600318367 0.0 -0.09152068173743645 -2.489246668787512
-1.35 -1.0316305245302417 0.6592271600318367 0.0 -0.09152068173743645 -2.489246668787512
-1.35 -1.0316305245302417 0.6592271600318367 0.0 -0.09152068173743645 -2.489246668787512
-1.35 -1.0316305245302417 0.6592271600318367 0.0 -0.09152068173743645 -2.489246668787512
-1.35 -1.0316305245302417 0.6592271600318367 0.0 -0.09152068173743645 -2.489246668787512
-1.35 -1.190815262265121 0.6592271600318367 0.0 -0.09152068173743645 -2.489246668787512
-1.35 -1.35 0.6592271600318367 0.0 -0.09152068173743645 -2.489246668787512
-1.35 -1.35 0.6592271600318367 0.0 -0.09152068173743645 -2.489246668787512
0.0 -1.35 0.6592271600318367 0.0 -0.09152068173743645 -2.489246668787512
1.35 -1.35 0.6592271600318367 0.0 -0.09152068173743645 -2.489246668787512
1.35 -0.14210526463389384 0.6592271600318367 0.0 -0.09152068173743645 -2.489246668787512
1.35 1.0657894707322122 0.6592271600318367 0.0 -0.09152068173743645 -2.489246668787512
1.35 1.0657894707322122 0.6592271600318367 0.0 -0.09152068173743645 -2.489246668787512
1.3495000000000001 1.0657894707322122 0.6592271600318367 0.0 -0.09152068173743645 -2.489246668787512
1.3490000000000002 1.0657894707322122 0.6592271600318367 0.0 -0.09152068173743645 -2.489246668787512
1.3490000000000002 1.0657894707322122 0.6592271600318367 0.0 -0.09152068173743645 -2.489246668787512
1.3490000000000002 1.0657894707322122 0.6592271600318367 0.0 -0.09152068173743645 -2.489246668787512
1.3490000000000002 1.0657894707322122 0.6592271600318367 0.0 -0.09152068173743645 -2.489246668787512
1.3490000000000002 1.0657894707322122 0.6848767637288777 0.0 -0.09152068173743645 -2.489246668787512
1.3490000000000002 1.0657894707322122 0.7105263674259187 0.0 -0.09152068173743645 -2.489246668787512
