1.2382630345168637 1.0433128951170763 0.6403288686573694 0.0 -0.2174074020604321 0.7649960793485201
1.2941315172584318 1.0433128951170763 0.6403288686573694 0.0 -0.2174074020604321 0.7649960793485201
1.35 1.0433128951170763 0.6403288686573694 0.0 -0.2174074020604321 0.7649960793485201
1.35 1.0433128951170763 0.6403288686573694 0.0 -0.2174074020604321 0.7649960793485201
1.35 1.0433128951170763 0.6403288686573694 0.0 -0.2174074020604321 0.7649960793485201
1.35 1.0433128951170763 0.6403288686573694 0.0 -0.2174074020604321 0.7649960793485201
1.35 1.1966564475585382 0.6403288686573694 0.0 -0.2174074020604321 0.7649960793485201
1.35 1.35 0.6403288686573694 0.0 -0.2174074020604321 0.7649960793485201
1.35 1.35 0.6403288686573694 0.0 -0.2174074020604321 0.7649960793485201
0.0 1.35 0.6403288686573694 0.0 -0.2174074020604321 0.7649960793485201
-1.35 1.35 0.6403288686573694 0.0 -0.2174074020604321 0.7649960793485201
-1.35 0.14210526463389384 0.6403288686573694 0.0 -0.2174074020604321 0.7649960793485201
-1.35 -1.0657894707322122 0.6403288686573694 0.0 -0.2174074020604321 0.7649960793485201
-1.35 -1.0657894707322122 0.6403288686573694 0.0 -0.2174074020604321 0.7649960793485201
-1.3495000000000001 -1.0657894707322122 0.6403288686573694 0.0 -0.2174074020604321 0.7649960793485201
-1.3490000000000002 -1.0657894707322122 0.6403288686573694 0.0 -0.2174074020604321 0.7649960793485201
-1.3490000000000002 -1.0657894707322122 0.6403288686573694 0.0 -0.2174074020604321 0.7649960793485201
-1.3490000000000002 -1.0657894707322122 0.6403288686573694 0.0 -0.2174074020604321 0.7649960793485201
-1.3490000000000002 -1.0657894707322122 0.6403288686573694 0.0 -0.2174074020604321 0.7649960793485201
-1.3490000000000002 -1.0657894707322122 0.6754276180416441 0.0 -0.2174074020604321 0.7649960793485201
-1.3490000000000002 -1.0657894707322122 0.7105263674259187 0.0 -0.2174074020604321 0.7649960793485201
