-1.3233889700534387 0.629561921103049 0.96753637725135 0.0 -0.016799322270850358 1.0570274270980762
-1.3366944850267193 0.629561921103049 0.96753637725135 0.0 -0.016799322270850358 1.0570274270980762
-1.35 0.629561921103049 0.96753637725135 0.0 -0.016799322270850358 1.0570274270980762
-1.35 0.629561921103049 0.96753637725135 0.0 -0.016799322270850358 1.0570274270980762
-1.35 0.629561921103049 0.96753637725135 0.0 -0.016799322270850358 1.0570274270980762
-1.35 0.629561921103049 0.96753637725135 0.0 -0.016799322270850358 1.0570274270980762
-1.35 -0.36021903944847555 0.96753637725135 0.0 -0.016799322270850358 1.0570274270980762
-1.35 -1.35 0.96753637725135 0.0 -0.016799322270850358 1.0570274270980762
-1.35 -1.35 0.96753637725135 0.0 -0.016799322270850358 1.0570274270980762
-1.0848361124694348 -1.35 0.96753637725135 0.0 -0.016799322270850358 1.0570274270980762
-0.8196722249388696 -1.35 0.96753637725135 0.0 -0.016799322270850358 1.0570274270980762
-0.8196722249388696 -1.35 0.96753637725135 0.0 -0.016799322270850358 1.0570274270980762
-0.8196722249388696 -1.35 0.96753637725135 0.0 -0.016799322270850358 1.0570274270980762
-0.8196722249388696 -1.35 0.96753637725135 0.0 -0.016799322270850358 1.0570274270980762
-0.8196722249388696 -1.251724248081446 0.96753637725135 0.0 -0.016799322270850358 1.0570274270980762
-0.8196722249388696 -1.1534484961628915 0.96753637725135 0.0 -0.016799322270850358 1.0570274270980762
-0.8196722249388696 -1.1534484961628915 0.96753637725135 0.0 -0.016799322270850358 1.0570274270980762
-0.8196722249388696 -1.1534484961628915 0.96753637725135 0.0 -0.016799322270850358 1.0570274270980762
-0.8196722249388696 -1.1534484961628915 0.96753637725135 0.0 -0.016799322270850358 1.0570274270980762
-0.8196722249388696 -1.1534484961628915 0.9231111754478034 0.0 -0.016799322270850358 1.0570274270980762
-0.8196722249388696 -1.1534484961628915 0.8786859736442567 0.0 -0.016799322270850358 1.0570274270980762
