-0.5663250692558858 1.0062959350247258 0.7907195600289312 0.0 -0.173844696317392 0.9839762248988729
-0.5663250692558858 1.0062959350247258 0.7907195600289312 0.0 -0.173844696317392 0.9839762248988729
-0.5663250692558858 1.0062959350247258 0.7907195600289312 0.0 -0.173844696317392 0.9839762248988729
-0.5663250692558858 1.178147967512363 0.7907195600289312 0.0 -0.173844696317392 0.9839762248988729
-0.5663250692558858 1.35 0.7907195600289312 0.0 -0.173844696317392 0.9839762248988729
-0.5663250692558858 1.35 0.7907195600289312 0.0 -0.173844696317392 0.9839762248988729
-0.958162534627943 1.35 0.7907195600289312 0.0 -0.173844696317392 0.9839762248988729
-1.35 1.35 0.7907195600289312 0.0 -0.173844696317392 0.9839762248988729
-1.35 1.35 0.7907195600289312 0.0 -0.173844696317392 0.9839762248988729
-1.1368420584201813 1.35 0.7907195600289312 0.0 -0.173844696317392 0.9839762248988729
-0.9236841168403627 1.35 0.7907195600289312 0.0 -0.173844696317392 0.9839762248988729
-0.9236841168403627 0.0 0.7907195600289312 0.0 -0.173844696317392 0.9839762248988729
-0.9236841168403627 -1.35 0.7907195600289312 0.0 -0.173844696317392 0.9839762248988729
-0.9236841168403627 -1.35 0.7907195600289312 0.0 -0.173844696317392 0.9839762248988729
-0.9236841168403627 -1.35 0.7907195600289312 0.0 -0.173844696317392 0.9839762248988729
-0.9236841168403627 -1.35 0.7907195600289312 0.0 -0.173844696317392 0.9839762248988729
-0.9236841168403627 -1.1368420986235144 0.7907195600289312 0.0 -0.173844696317392 0.9839762248988729
-0.9236841168403627 -0.9236841972470284 0.7907195600289312 0.0 -0.173844696317392 0.9839762248988729
-0.9236841168403627 -0.9236841972470284 0.7907195600289312 0.0 -0.173844696317392 0.9839762248988729
-0.9236841168403627 -0.9236841972470284 0.7907195600289312 0.0 -0.173844696317392 0.9839762248988729
-0.9236841168403627 -0.9236841972470284 0.7907195600289312 0.0 -0.173844696317392 0.9839762248988729
-0.9236841168403627 -0.9236841972470284 0.7506229637274249 0.0 -0.173844696317392 0.9839762248988729
-0.9236841168403627 -0.9236841972470284 0.7105263674259187 0.0 -0.173844696317392 0.9839762248988729
