1.2346697834801053 1.1681153987686979 1.1769475373332012 0.0 -0.2300941039752806 0.6022918380389042
1.2923348917400528 1.1681153987686979 1.1769475373332012 0.0 -0.2300941039752806 0.6022918380389042
1.35 1.1681153987686979 1.1769475373332012 0.0 -0.2300941039752806 0.6022918380389042
1.35 1.1681153987686979 1.1769475373332012 0.0 -0.2300941039752806 0.6022918380389042
1.35 1.1681153987686979 1.1769475373332012 0.0 -0.2300941039752806 0.6022918380389042
1.35 1.1681153987686979 1.1769475373332012 0.0 -0.2300941039752806 0.6022918380389042
1.35 1.259057699384349 1.1769475373332012 0.0 -0.2300941039752806 0.6022918380389042
1.35 1.35 1.1769475373332012 0.0 -0.2300941039752806 0.6022918380389042
1.35 1.35 1.1769475373332012 0.0 -0.2300941039752806 0.6022918380389042
0.0 1.35 1.1769475373332012 0.0 -0.2300941039752806 0.6022918380389042
-1.35 1.35 1.1769475373332012 0.0 -0.2300941039752806 0.6022918380389042
-1.35 0.2842105381190776 1.1769475373332012 0.0 -0.2300941039752806 0.6022918380389042
-1.35 -0.7815789237618448 1.1769475373332012 0.0 -0.2300941039752806 0.6022918380389042
-1.35 -0.7815789237618448 1.1769475373332012 0.0 -0.2300941039752806 0.6022918380389042
-1.3495000000000001 -0.7815789237618448 1.1769475373332012 0.0 -0.2300941039752806 0.6022918380389042
-1.3490000000000002 -0.7815789237618448 1.1769475373332012 0.0 -0.2300941039752806 0.6022918380389042
-1.3490000000000002 -0.7815789237618448 1.1769475373332012 0.0 -0.2300941039752806 0.6022918380389042
-1.3490000000000002 -0.7815789237618448 1.1769475373332012 0.0 -0.2300941039752806 0.6022918380389042
-1.3490000000000002 -0.7815789237618448 1.1769475373332012 0.0 -0.2300941039752806 0.6022918380389042
-1.3490000000000002 -0.7815789237618448 0.94373695237956 0.0 -0.2300941039752806 0.6022918380389042
-1.3490000000000002 -0.7815789237618448 0.7105263674259187 0.0 -0.2300941039752806 0.6022918380389042
