-0.9464040023657491 -0.8859079134383251 0.7146417785787313 0.0 -0.28508339617584855 0.7716788227774293
-1.1482020011828746 -0.8859079134383251 0.7146417785787313 0.0 -0.28508339617584855 0.7716788227774293
-1.35 -0.8859079134383251 0.7146417785787313 0.0 -0.28508339617584855 0.7716788227774293
-1.35 -0.8859079134383251 0.7146417785787313 0.0 -0.28508339617584855 0.7716788227774293
-1.35 -0.8859079134383251 0.7146417785787313 0.0 -0.28508339617584855 0.7716788227774293
-1.35 -0.8859079134383251 0.7146417785787313 0.0 -0.28508339617584855 0.7716788227774293
-1.35 -0.9047960955460097 0.7146417785787313 0.0 -0.28508339617584855 0.7716788227774293
-1.35 -0.9236842776536943 0.7146417785787313 0.0 -0.28508339617584855 0.7716788227774293
-1.35 -0.9236842776536943 0.7146417785787313 0.0 -0.28508339617584855 0.7716788227774293
-1.2789474123120308 -0.9236842776536943 0.7146417785787313 0.0 -0.28508339617584855 0.7716788227774293
-1.2078948246240617 -0.9236842776536943 0.7146417785787313 0.0 -0.28508339617584855 0.7716788227774293
-1.2078948246240617 -0.9236842776536943 0.7146417785787313 0.0 -0.28508339617584855 0.7716788227774293
-1.2078948246240617 -0.9236842776536943 0.7146417785787313 0.0 -0.28508339617584855 0.7716788227774293
-1.2078948246240617 -0.9236842776536943 0.7146417785787313 0.0 -0.28508339617584855 0.7716788227774293
-1.2078948246240617 -0.9236842776536943 0.712584073002325 0.0 -0.28508339617584855 0.7716788227774293
-1.2078948246240617 -0.9236842776536943 0.7105263674259187 0.0 -0.28508339617584855 0.7716788227774293
