-1.1730052482848783 0.5528175031558121 1.078537960035678 0.0 -0.022543258962074302 2.4100407147280585
-1.2615026241424392 0.5528175031558121 1.078537960035678 0.0 -0.022543258962074302 2.4100407147280585
-1.35 0.5528175031558121 1.078537960035678 0.0 -0.022543258962074302 2.4100407147280585
-1.35 0.5528175031558121 1.078537960035678 0.0 -0.022543258962074302 2.4100407147280585
-1.35 0.5528175031558121 1.078537960035678 0.0 -0.022543258962074302 2.4100407147280585
-1.35 0.5528175031558121 1.078537960035678 0.0 -0.022543258962074302 2.4100407147280585
-1.35 0.9514087515779062 1.078537960035678 0.0 -0.022543258962074302 2.4100407147280585
-1.35 1.35 1.078537960035678 0.0 -0.022543258962074302 2.4100407147280585
-1.35 1.35 1.078537960035678 0.0 -0.022543258962074302 2.4100407147280585
0.0 1.35 1.078537960035678 0.0 -0.022543258962074302 2.4100407147280585
1.35 1.35 1.078537960035678 0.0 -0.022543258962074302 2.4100407147280585
1.35 0.21315786117315283 1.078537960035678 0.0 -0.022543258962074302 2.4100407147280585
1.35 -0.9236842776536943 1.078537960035678 0.0 -0.022543258962074302 2.4100407147280585
1.35 -0.9236842776536943 1.078537960035678 0.0 -0.022543258962074302 2.4100407147280585
1.2078947353661063 -0.9236842776536943 1.078537960035678 0.0 -0.022543258962074302 2.4100407147280585
1.0657894707322122 -0.9236842776536943 1.078537960035678 0.0 -0.022543258962074302 2.4100407147280585
1.0657894707322122 -0.9236842776536943 1.078537960035678 0.0 -0.022543258962074302 2.4100407147280585
1.0657894707322122 -0.9236842776536943 1.078537960035678 0.0 -0.022543258962074302 2.4100407147280585
1.0657894707322122 -0.9236842776536943 1.078537960035678 0.0 -0.022543258962074302 2.4100407147280585
1.0657894707322122 -0.9236842776536943 0.9655847602700574 0.0 -0.022543258962074302 2.4100407147280585
1.0657894707322122 -0.9236842776536943 0.8526315605044367 0.0 -0.022543258962074302 2.4100407147280585
