0.2928488353012849 -1.3311796795734476 1.0296998050974766 0.0 0.044039736583885866 -0.4962351739545161
0.2928488353012849 -1.3311796795734476 1.0296998050974766 0.0 0.044039736583885866 -0.4962351739545161
0.2928488353012849 -1.3311796795734476 1.0296998050974766 0.0 0.044039736583885866 -0.4962351739545161
0.2928488353012849 -1.3405898397867237 1.0296998050974766 0.0 0.044039736583885866 -0.4962351739545161
0.2928488353012849 -1.35 1.0296998050974766 0.0 0.044039736583885866 -0.4962351739545161
0.2928488353012849 -1.35 1.0296998050974766 0.0 0.044039736583885866 -0.4962351739545161
-0.5285755823493575 -1.35 1.0296998050974766 0.0 0.044039736583885866 -0.4962351739545161
-1.35 -1.35 1.0296998050974766 0.0 0.044039736583885866 -0.4962351739545161
-1.35 -1.35 1.0296998050974766 0.0 0.044039736583885866 -0.4962351739545161
-1.35 -1.35 1.0296998050974766 0.0 0.044039736583885866 -0.4962351739545161
-1.35 -1.35 1.0296998050974766 0.0 0.044039736583885866 -0.4962351739545161
-1.35 -0.35526315476000314 1.0296998050974766 0.0 0.044039736583885866 -0.4962351739545161
-1.35 0.6394736904799939 1.0296998050974766 0.0 0.044039736583885866 -0.4962351739545161
-1.35 0.6394736904799939 1.0296998050974766 0.0 0.044039736583885866 -0.4962351739545161
-1.3495000000000001 0.6394736904799939 1.0296998050974766 0.0 0.044039736583885866 -0.4962351739545161
-1.3490000000000002 0.6394736904799939 1.0296998050974766 0.0 0.044039736583885866 -0.4962351739545161
-1.3490000000000002 0.6394736904799939 1.0296998050974766 0.0 0.044039736583885866 -0.4962351739545161
-1.3490000000000002 0.6394736904799939 1.0296998050974766 0.0 0.044039736583885866 -0.4962351739545161
-1.3490000000000002 0.6394736904799939 1.0296998050974766 0.0 0.044039736583885866 -0.4962351739545161
-1.3490000000000002 0.6394736904799939 1.0122183195435484 0.0 0.044039736583885866 -0.4962351739545161
-1.3490000000000002 0.6394736904799939 0.9947368339896203 0.0 0.044039736583885866 -0.4962351739545161
