-0.9808277621294776 -0.9345465208491297 0.7892243843398069 0.0 -0.15187033229084887 0.6969900429563888
-1.165413881064739 -0.9345465208491297 0.7892243843398069 0.0 -0.15187033229084887 0.6969900429563888
-1.35 -0.9345465208491297 0.7892243843398069 0.0 -0.15187033229084887 0.6969900429563888
-1.35 -0.9345465208491297 0.7892243843398069 0.0 -0.15187033229084887 0.6969900429563888
-1.35 -0.9345465208491297 0.7892243843398069 0.0 -0.15187033229084887 0.6969900429563888
-1.35 -0.9345465208491297 0.7892243843398069 0.0 -0.15187033229084887 0.6969900429563888
-1.35 -0.9809902823369013 0.7892243843398069 0.0 -0.15187033229084887 0.6969900429563888
-1.35 -1.027434043824673 0.7892243843398069 0.0 -0.15187033229084887 0.6969900429563888
-1.35 -1.027434043824673 0.7892243843398069 0.0 -0.15187033229084887 0.6969900429563888
-1.21127430793643 -1.027434043824673 0.7892243843398069 0.0 -0.15187033229084887 0.6969900429563888
-1.07254861587286 -1.027434043824673 0.7892243843398069 0.0 -0.15187033229084887 0.6969900429563888
-1.07254861587286 -1.027434043824673 0.7892243843398069 0.0 -0.15187033229084887 0.6969900429563888
-1.07254861587286 -1.027434043824673 0.7892243843398069 0.0 -0.15187033229084887 0.6969900429563888
-1.07254861587286 -1.027434043824673 0.7892243843398069 0.0 -0.15187033229084887 0.6969900429563888
-1.07254861587286 -1.027434043824673 0.8636540242593276 0.0 -0.15187033229084887 0.6969900429563888
-1.07254861587286 -1.027434043824673 0.9380836641788484 0.0 -0.15187033229084887 0.6969900429563888
