-1.0567524954798637 -0.7069154999229945 1.118531839950078 0.0 -0.13125150389353382 1.8738702420818325
-1.203376247739932 -0.7069154999229945 1.118531839950078 0.0 -0.13125150389353382 1.8738702420818325
-1.35 -0.7069154999229945 1.118531839950078 0.0 -0.13125150389353382 1.8738702420818325
-1.35 -0.7069154999229945 1.118531839950078 0.0 -0.13125150389353382 1.8738702420818325
-1.35 -0.7069154999229945 1.118531839950078 0.0 -0.13125150389353382 1.8738702420818325
-1.35 -0.7069154999229945 1.118531839950078 0.0 -0.13125150389353382 1.8738702420818325
-1.35 -1.0284577499614973 1.118531839950078 0.0 -0.13125150389353382 1.8738702420818325
-1.35 -1.35 1.118531839950078 0.0 -0.13125150389353382 1.8738702420818325
-1.35 -1.35 1.118531839950078 0.0 -0.13125150389353382 1.8738702420818325
-0.49736840814352035 -1.35 1.118531839950078 0.0 -0.13125150389353382 1.8738702420818325
0.35526318371295934 -1.35 1.118531839950078 0.0 -0.13125150389353382 1.8738702420818325
0.35526318371295934 -1.35 1.118531839950078 0.0 -0.13125150389353382 1.8738702420818325
0.35526318371295934 -1.35 1.118531839950078 0.0 -0.13125150389353382 1.8738702420818325
0.35526318371295934 -1.35 1.118531839950078 0.0 -0.13125150389353382 1.8738702420818325
0.35526318371295934 -1.3495000000000001 1.118531839950078 0.0 -0.13125150389353382 1.8738702420818325
0.35526318371295934 -1.3490000000000002 1.118531839950078 0.0 -0.13125150389353382 1.8738702420818325
0.35526318371295934 -1.3490000000000002 1.118531839950078 0.0 -0.13125150389353382 1.8738702420818325
0.35526318371295934 -1.3490000000000002 1.118531839950078 0.0 -0.13125150389353382 1.8738702420818325
0.35526318371295934 -1.3490000000000002 1.118531839950078 0.0 -0.13125150389353382 1.8738702420818325
0.35526318371295934 -1.3490000000000002 1.0566343369698492 0.0 -0.13125150389353382 1.8738702420818325
0.35526318371295934 -1.3490000000000002 0.9947368339896203 0.0 -0.13125150389353382 1.8738702420818325
