-1.2087298441631253 -0.8639983653016673 0.6519600774465063 0.0 0.1197681155485361 -2.5685849398160085
-1.2793649220815628 -0.8639983653016673 0.6519600774465063 0.0 0.1197681155485361 -2.5685849398160085
-1.35 -0.8639983653016673 0.6519600774465063 0.0 0.1197681155485361 -2.5685849398160085
-1.35 -0.8639983653016673 0.6519600774465063 0.0 0.1197681155485361 -2.5685849398160085
-1.35 -0.8639983653016673 0.6519600774465063 0.0 0.1197681155485361 -2.5685849398160085
-1.35 -0.8639983653016673 0.6519600774465063 0.0 0.1197681155485361 -2.5685849398160085
-1.35 -1.1069991826508336 0.6519600774465063 0.0 0.1197681155485361 -2.5685849398160085
-1.35 -1.35 0.6519600774465063 0.0 0.1197681155485361 -2.5685849398160085
-1.35 -1.35 0.6519600774465063 0.0 0.1197681155485361 -2.5685849398160085
0.0 -1.35 0.6519600774465063 0.0 0.1197681155485361 -2.5685849398160085
1.35 -1.35 0.6519600774465063 0.0 0.1197681155485361 -2.5685849398160085
1.35 -0.07105258768796929 0.6519600774465063 0.0 0.1197681155485361 -2.5685849398160085
1.35 1.2078948246240617 0.6519600774465063 0.0 0.1197681155485361 -2.5685849398160085
1.35 1.2078948246240617 0.6519600774465063 0.0 0.1197681155485361 -2.5685849398160085
1.3495000000000001 1.2078948246240617 0.6519600774465063 0.0 0.1197681155485361 -2.5685849398160085
1.3490000000000002 1.2078948246240617 0.6519600774465063 0.0 0.1197681155485361 -2.5685849398160085
1.3490000000000002 1.2078948246240617 0.6519600774465063 0.0 0.1197681155485361 -2.5685849398160085
1.3490000000000002 1.2078948246240617 0.6519600774465063 0.0 0.1197681155485361 -2.5685849398160085
1.3490000000000002 1.2078948246240617 0.6519600774465063 0.0 0.1197681155485361 -2.5685849398160085
1.3490000000000002 1.2078948246240617 0.965453729203247 0.0 0.1197681155485361 -2.5685849398160085
1.3490000000000002 1.2078948246240617 1.2789473809599878 0.0 0.1197681155485361 -2.5685849398160085
