1.0081621927133586 -0.8932989370331157 0.8676194572584268 0.0 -0.2067864449646968 -1.1567788818531586
1.1790810963566793 -0.8932989370331157 0.8676194572584268 0.0 -0.2067864449646968 -1.1567788818531586
1.35 -0.8932989370331157 0.8676194572584268 0.0 -0.2067864449646968 -1.1567788818531586
1.35 -0.8932989370331157 0.8676194572584268 0.0 -0.2067864449646968 -1.1567788818531586
1.35 -0.8932989370331157 0.8676194572584268 0.0 -0.2067864449646968 -1.1567788818531586
1.35 -0.8932989370331157 0.8676194572584268 0.0 -0.2067864449646968 -1.1567788818531586
1.35 -1.121649468516558 0.8676194572584268 0.0 -0.2067864449646968 -1.1567788818531586
1.35 -1.35 0.8676194572584268 0.0 -0.2067864449646968 -1.1567788818531586
1.35 -1.35 0.8676194572584268 0.0 -0.2067864449646968 -1.1567788818531586
0.391956394970417 -1.35 0.8676194572584268 0.0 -0.2067864449646968 -1.1567788818531586
-0.5660872100591661 -1.35 0.8676194572584268 0.0 -0.2067864449646968 -1.1567788818531586
-0.5660872100591661 0.0 0.8676194572584268 0.0 -0.2067864449646968 -1.1567788818531586
-0.5660872100591661 1.35 0.8676194572584268 0.0 -0.2067864449646968 -1.1567788818531586
-0.5660872100591661 1.35 0.8676194572584268 0.0 -0.2067864449646968 -1.1567788818531586
-0.5660872100591661 1.35 0.8676194572584268 0.0 -0.2067864449646968 -1.1567788818531586
-0.5660872100591661 1.35 0.8676194572584268 0.0 -0.2067864449646968 -1.1567788818531586
-0.5660872100591661 1.2001360147595408 0.8676194572584268 0.0 -0.2067864449646968 -1.1567788818531586
-0.5660872100591661 1.0502720295190813 0.8676194572584268 0.0 -0.2067864449646968 -1.1567788818531586
-0.5660872100591661 1.0502720295190813 0.8676194572584268 0.0 -0.2067864449646968 -1.1567788818531586
-0.5660872100591661 1.0502720295190813 0.8676194572584268 0.0 -0.2067864449646968 -1.1567788818531586
-0.5660872100591661 1.0502720295190813 0.8676194572584268 0.0 -0.2067864449646968 -1.1567788818531586
-0.5660872100591661 1.0502720295190813 0.8121491429873525 0.0 -0.2067864449646968 -1.1567788818531586
-0.5660872100591661 1.0502720295190813 0.7566788287162782 0.0 -0.2067864449646968 -1.1567788818531586
