-0.7594406716684181 -1.1532744078807655 0.8916328916508535 0.0 -0.2259098951183306 0.772059262426506
-0.7594406716684181 -1.1532744078807655 0.8916328916508535 0.0 -0.2259098951183306 0.772059262426506
-0.7594406716684181 -1.1532744078807655 0.8916328916508535 0.0 -0.2259098951183306 0.772059262426506
-0.7594406716684181 -1.251637203940383 0.8916328916508535 0.0 -0.2259098951183306 0.772059262426506
-0.7594406716684181 -1.35 0.8916328916508535 0.0 -0.2259098951183306 0.772059262426506
-0.7594406716684181 -1.35 0.8916328916508535 0.0 -0.2259098951183306 0.772059262426506
-1.054720335834209 -1.35 0.8916328916508535 0.0 -0.2259098951183306 0.772059262426506
-1.35 -1.35 0.8916328916508535 0.0 -0.2259098951183306 0.772059262426506
-1.35 -1.35 0.8916328916508535 0.0 -0.2259098951183306 0.772059262426506
-1.35 -1.35 0.8916328916508535 0.0 -0.2259098951183306 0.772059262426506
-1.35 -1.35 0.8916328916508535 0.0 -0.2259098951183306 0.772059262426506
-1.35 -1.152704363822937 0.8916328916508535 0.0 -0.2259098951183306 0.772059262426506
-1.35 -0.9554087276458741 0.8916328916508535 0.0 -0.2259098951183306 0.772059262426506
-1.35 -0.9554087276458741 0.8916328916508535 0.0 -0.2259098951183306 0.772059262426506
-1.1616399967968465 -0.9554087276458741 0.8916328916508535 0.0 -0.2259098951183306 0.772059262426506
-0.9732799935936929 -0.9554087276458741 0.8916328916508535 0.0 -0.2259098951183306 0.772059262426506
-0.9732799935936929 -0.9554087276458741 0.8916328916508535 0.0 -0.2259098951183306 0.772059262426506
-0.9732799935936929 -0.9554087276458741 0.8916328916508535 0.0 -0.2259098951183306 0.772059262426506
-0.9732799935936929 -0.9554087276458741 0.8916328916508535 0.0 -0.2259098951183306 0.772059262426506
-0.9732799935936929 -0.9554087276458741 0.8253769962171008 0.0 -0.2259098951183306 0.772059262426506
-0.9732799935936929 -0.9554087276458741 0.7591211007833482 0.0 -0.2259098951183306 0.772059262426506
