-1.0247085026168503 -0.9995774042583537 0.7980505366106371 0.0 0.09739002314495597 -0.46442944277547316
-1.1873542513084252 -0.9995774042583537 0.7980505366106371 0.0 0.09739002314495597 -0.46442944277547316
-1.35 -0.9995774042583537 0.7980505366106371 0.0 0.09739002314495597 -0.46442944277547316
-1.35 -0.9995774042583537 0.7980505366106371 0.0 0.09739002314495597 -0.46442944277547316
-1.35 -0.9995774042583537 0.7980505366106371 0.0 0.09739002314495597 -0.46442944277547316
-1.35 -0.9995774042583537 0.7980505366106371 0.0 0.09739002314495597 -0.46442944277547316
-1.35 -0.2108123917717254 0.7980505366106371 0.0 0.09739002314495597 -0.46442944277547316
-1.35 0.5779526207149029 0.7980505366106371 0.0 0.09739002314495597 -0.46442944277547316
-1.35 0.5779526207149029 0.7980505366106371 0.0 0.09739002314495597 -0.46442944277547316
-1.309163553863764 0.5779526207149029 0.7980505366106371 0.0 0.09739002314495597 -0.46442944277547316
-1.2683271077275278 0.5779526207149029 0.7980505366106371 0.0 0.09739002314495597 -0.46442944277547316
-1.2683271077275278 0.5779526207149029 0.7980505366106371 0.0 0.09739002314495597 -0.46442944277547316
-1.2683271077275278 0.5779526207149029 0.7980505366106371 0.0 0.09739002314495597 -0.46442944277547316
-1.2683271077275278 0.5779526207149029 0.7980505366106371 0.0 0.09739002314495597 -0.46442944277547316
-1.2683271077275278 0.5779526207149029 0.9955868861267736 0.0 0.09739002314495597 -0.46442944277547316
-1.2683271077275278 0.5779526207149029 1.1931232356429102 0.0 0.09739002314495597 -0.46442944277547316
