2025-02-05 18:55:02 -0.872936 -1.14197 0.797375 -1.5836 -8.35951 49.4903 5.72958
2025-02-05 18:55:15 -1.23397 -0.954824 0.834177 -1.46536 -8.08819 40.5218 11.4592
2025-02-05 18:55:31 -1.1454 -0.787823 1.20687 -1.62704 -8.03075 40.7012 28.6479
2025-02-05 18:57:26 1.29006 -0.0966448 1.20392 -1.13305 -8.74925 178.178 36.6208
2025-02-05 18:59:28 -0.873826 0.635661 1.06781 -1.52345 -9.97733 -30.9703 32.9112
2025-02-05 19:01:45 1.24816 -0.918708 1.19967 -0.938918 -9.35707 147.832 30.0007
2025-02-05 19:03:53 -0.787225 1.18446 1.19103 -1.04481 -8.49239 -66.9695 41.5523
2025-02-05 19:05:19 -1.23925 -1.09176 1.08536 -1.27263 -8.37451 43.2413 27.3759
2025-02-05 19:07:08 -0.678792 1.2279 1.5542 -0.944683 -8.50402 -68.3172 46.3091
2025-02-05 19:09:01 -1.21627 -0.79407 1.06062 -0.85178 -8.33249 31.2918 26.7894
2025-02-05 19:09:51 -1.38222 -1.10252 0.801549 -1.25027 -8.22125 43.7468 14.4843
2025-02-05 19:10:26 -1.20117 -1.0718 0.819626 -1.56478 -8.38865 40.372 23.3658
2025-02-05 19:11:18 -1.11444 -1.18996 0.806041 -1.06822 -8.41634 49.2774 20.8135
2025-02-05 19:12:21 -1.18508 -1.05155 0.915107 -1.06702 -8.17155 46.1389 24.1705
2025-02-05 19:13:28 -1.28665 -1.06107 0.894932 -1.12681 -8.48643 36.4696 21.5777
2025-02-05 19:14:09 -1.25608 -1.15838 0.835479 -1.05649 -8.92438 48.4256 18.8052
2025-02-05 19:14:58 -1.08615 -1.05855 0.76995 -1.29028 -8.49455 40.6936 16.6518
