1.1999543553375687 -0.8874209655126377 1.1584712464306743 0.0 0.7252248255079806 -1.1548036564629214
1.2374657665031765 -0.8874209655126377 1.1584712464306743 0.0 0.7252248255079806 -1.1548036564629214
1.2749771776687844 -0.8874209655126377 1.1584712464306743 0.0 0.7252248255079806 -1.1548036564629214
1.3124885888343922 -0.8874209655126377 1.1584712464306743 0.0 0.7252248255079806 -1.1548036564629214
1.35 -0.8874209655126377 1.1584712464306743 0.0 0.7252248255079806 -1.1548036564629214
1.35 -0.8874209655126377 1.1584712464306743 0.0 0.7252248255079806 -1.1548036564629214
1.35 -0.8874209655126377 1.1584712464306743 0.0 0.7252248255079806 -1.1548036564629214
1.35 -0.8874209655126377 1.1584712464306743 0.0 0.7252248255079806 -1.1548036564629214
1.35 -0.8874209655126377 1.1584712464306743 0.0 0.7252248255079806 -1.1548036564629214
1.35 -0.8874209655126377 1.1584712464306743 0.0 0.7252248255079806 -1.1548036564629214
1.35 -1.0030657241344783 1.1584712464306743 0.0 0.7252248255079806 -1.1548036564629214
1.35 -1.118710482756319 1.1584712464306743 0.0 0.7252248255079806 -1.1548036564629214
1.35 -1.2343552413781596 1.1584712464306743 0.0 0.7252248255079806 -1.1548036564629214
1.35 -1.35 1.1584712464306743 0.0 0.7252248255079806 -1.1548036564629214
1.35 -1.35 1.1584712464306743 0.0 0.7252248255079806 -1.1548036564629214
0.8171052489578724 -1.35 1.1584712464306743 0.0 0.7252248255079806 -1.1548036564629214
0.2842104979157447 -1.35 1.1584712464306743 0.0 0.7252248255079806 -1.1548036564629214
-0.24868425312638287 -1.35 1.1584712464306743 0.0 0.7252248255079806 -1.1548036564629214
-0.7815790041685106 -1.35 1.1584712464306743 0.0 0.7252248255079806 -1.1548036564629214
-0.7815790041685106 -0.675 1.1584712464306743 0.0 0.7252248255079806 -1.1548036564629214
-0.7815790041685106 0.0 1.1584712464306743 0.0 0.7252248255079806 -1.1548036564629214
-0.7815790041685106 0.6750000000000003 1.1584712464306743 0.0 0.7252248255079806 -1.1548036564629214
-0.7815790041685106 1.35 1.1584712464306743 0.0 0.7252248255079806 -1.1548036564629214
-0.7815790041685106 1.35 1.1584712464306743 0.0 0.7252248255079806 -1.1548036564629214
-0.7815790041685106 1.35 1.1584712464306743 0.0 0.7252248255079806 -1.1548036564629214
-0.7815790041685106 1.35 1.1584712464306743 0.0 0.7252248255079806 -1.1548036564629214
-0.7815790041685106 1.35 1.1584712464306743 0.0 0.7252248255079806 -1.1548036564629214
-0.7815790041685106 1.35 1.1584712464306743 0.0 0.7252248255079806 -1.1548036564629214
-0.7815790041685106 1.3144737061560154 1.1584712464306743 0.0 0.7252248255079806 -1.1548036564629214
-0.7815790041685106 1.2789474123120308 1.1584712464306743 0.0 0.7252248255079806 -1.1548036564629214
-0.7815790041685106 1.2434211184680464 1.1584712464306743 0.0 0.7252248255079806 -1.1548036564629214
-0.7815790041685106 1.2078948246240617 1.1584712464306743 0.0 0.7252248255079806 -1.1548036564629214
-0.7815790041685106 1.2078948246240617 1.1584712464306743 0.0 0.7252248255079806 -1.1548036564629214
-0.7815790041685106 1.2078948246240617 1.1584712464306743 0.0 0.7252248255079806 -1.1548036564629214
-0.7815790041685106 1.2078948246240617 1.1584712464306743 0.0 0.7252248255079806 -1.1548036564629214
-0.7815790041685106 1.2078948246240617 1.1584712464306743 0.0 0.7252248255079806 -1.1548036564629214
-0.7815790041685106 1.2078948246240617 1.1584712464306743 0.0 0.7252248255079806 -1.1548036564629214
-0.7815790041685106 1.2078948246240617 1.1885902800630026 0.0 0.7252248255079806 -1.1548036564629214
-0.7815790041685106 1.2078948246240617 1.218709313695331 0.0 0.7252248255079806 -1.1548036564629214
-0.7815790041685106 1.2078948246240617 1.2488283473276596 0.0 0.7252248255079806 -1.1548036564629214
-0.7815790041685106 1.2078948246240617 1.2789473809599878 0.0 0.7252248255079806 -1.1548036564629214
