-0.8248614561166898 0.6047243399273998 1.0272465126517483 0.0 0.5236103464756521 2.5937275642432462
-0.9561460920875173 0.6047243399273998 1.0272465126517483 0.0 0.5236103464756521 2.5937275642432462
-1.087430728058345 0.6047243399273998 1.0272465126517483 0.0 0.5236103464756521 2.5937275642432462
-1.2187153640291726 0.6047243399273998 1.0272465126517483 0.0 0.5236103464756521 2.5937275642432462
-1.35 0.6047243399273998 1.0272465126517483 0.0 0.5236103464756521 2.5937275642432462
-1.35 0.6047243399273998 1.0272465126517483 0.0 0.5236103464756521 2.5937275642432462
-1.35 0.6047243399273998 1.0272465126517483 0.0 0.5236103464756521 2.5937275642432462
-1.35 0.6047243399273998 1.0272465126517483 0.0 0.5236103464756521 2.5937275642432462
-1.35 0.6047243399273998 1.0272465126517483 0.0 0.5236103464756521 2.5937275642432462
-1.35 0.6047243399273998 1.0272465126517483 0.0 0.5236103464756521 2.5937275642432462
-1.35 0.79104325494555 1.0272465126517483 0.0 0.5236103464756521 2.5937275642432462
-1.35 0.9773621699637 1.0272465126517483 0.0 0.5236103464756521 2.5937275642432462
-1.35 1.16368108498185 1.0272465126517483 0.0 0.5236103464756521 2.5937275642432462
-1.35 1.35 1.0272465126517483 0.0 0.5236103464756521 2.5937275642432462
-1.35 1.35 1.0272465126517483 0.0 0.5236103464756521 2.5937275642432462
-0.675 1.35 1.0272465126517483 0.0 0.5236103464756521 2.5937275642432462
0.0 1.35 1.0272465126517483 0.0 0.5236103464756521 2.5937275642432462
0.6750000000000003 1.35 1.0272465126517483 0.0 0.5236103464756521 2.5937275642432462
1.35 1.35 1.0272465126517483 0.0 0.5236103464756521 2.5937275642432462
1.35 0.7815789305865765 1.0272465126517483 0.0 0.5236103464756521 2.5937275642432462
1.35 0.21315786117315283 1.0272465126517483 0.0 0.5236103464756521 2.5937275642432462
1.35 -0.3552632082402707 1.0272465126517483 0.0 0.5236103464756521 2.5937275642432462
1.35 -0.9236842776536943 1.0272465126517483 0.0 0.5236103464756521 2.5937275642432462
1.35 -0.9236842776536943 1.0272465126517483 0.0 0.5236103464756521 2.5937275642432462
1.3497500000000002 -0.9236842776536943 1.0272465126517483 0.0 0.5236103464756521 2.5937275642432462
1.3495000000000001 -0.9236842776536943 1.0272465126517483 0.0 0.5236103464756521 2.5937275642432462
1.34925 -0.9236842776536943 1.0272465126517483 0.0 0.5236103464756521 2.5937275642432462
1.3490000000000002 -0.9236842776536943 1.0272465126517483 0.0 0.5236103464756521 2.5937275642432462
1.3490000000000002 -0.9236842776536943 1.0272465126517483 0.0 0.5236103464756521 2.5937275642432462
1.3490000000000002 -0.9236842776536943 1.0272465126517483 0.0 0.5236103464756521 2.5937275642432462
1.3490000000000002 -0.9236842776536943 1.0272465126517483 0.0 0.5236103464756521 2.5937275642432462
1.3490000000000002 -0.9236842776536943 1.0272465126517483 0.0 0.5236103464756521 2.5937275642432462
1.3490000000000002 -0.9236842776536943 1.0272465126517483 0.0 0.5236103464756521 2.5937275642432462
1.3490000000000002 -0.9236842776536943 1.0901717297288083 0.0 0.5236103464756521 2.5937275642432462
1.3490000000000002 -0.9236842776536943 1.153096946805868 0.0 0.5236103464756521 2.5937275642432462
1.3490000000000002 -0.9236842776536943 1.2160221638829278 0.0 0.5236103464756521 2.5937275642432462
1.3490000000000002 -0.9236842776536943 1.2789473809599878 0.0 0.5236103464756521 2.5937275642432462
