1.2330980540601555 -0.09384359672172278 1.1621170099760796 0.0 0.5744091022334947 -0.5295770522741697
1.2623235405451165 -0.09384359672172278 1.1621170099760796 0.0 0.5744091022334947 -0.5295770522741697
1.2915490270300778 -0.09384359672172278 1.1621170099760796 0.0 0.5744091022334947 -0.5295770522741697
1.320774513515039 -0.09384359672172278 1.1621170099760796 0.0 0.5744091022334947 -0.5295770522741697
1.35 -0.09384359672172278 1.1621170099760796 0.0 0.5744091022334947 -0.5295770522741697
1.35 -0.09384359672172278 1.1621170099760796 0.0 0.5744091022334947 -0.5295770522741697
1.35 -0.09384359672172278 1.1621170099760796 0.0 0.5744091022334947 -0.5295770522741697
1.35 -0.09384359672172278 1.1621170099760796 0.0 0.5744091022334947 -0.5295770522741697
1.35 -0.09384359672172278 1.1621170099760796 0.0 0.5744091022334947 -0.5295770522741697
1.35 -0.09384359672172278 1.1621170099760796 0.0 0.5744091022334947 -0.5295770522741697
1.35 0.26711730245870796 1.1621170099760796 0.0 0.5744091022334947 -0.5295770522741697
1.35 0.6280782016391386 1.1621170099760796 0.0 0.5744091022334947 -0.5295770522741697
1.35 0.9890391008195694 1.1621170099760796 0.0 0.5744091022334947 -0.5295770522741697
1.35 1.35 1.1621170099760796 0.0 0.5744091022334947 -0.5295770522741697
1.35 1.35 1.1621170099760796 0.0 0.5744091022334947 -0.5295770522741697
0.675 1.35 1.1621170099760796 0.0 0.5744091022334947 -0.5295770522741697
0.0 1.35 1.1621170099760796 0.0 0.5744091022334947 -0.5295770522741697
-0.6750000000000003 1.35 1.1621170099760796 0.0 0.5744091022334947 -0.5295770522741697
-1.35 1.35 1.1621170099760796 0.0 0.5744091022334947 -0.5295770522741697
-1.35 1.1723684226199986 1.1621170099760796 0.0 0.5744091022334947 -0.5295770522741697
-1.35 0.994736845239997 1.1621170099760796 0.0 0.5744091022334947 -0.5295770522741697
-1.35 0.8171052678599955 1.1621170099760796 0.0 0.5744091022334947 -0.5295770522741697
-1.35 0.6394736904799939 1.1621170099760796 0.0 0.5744091022334947 -0.5295770522741697
-1.35 0.6394736904799939 1.1621170099760796 0.0 0.5744091022334947 -0.5295770522741697
-1.2434210694134236 0.6394736904799939 1.1621170099760796 0.0 0.5744091022334947 -0.5295770522741697
-1.1368421388268473 0.6394736904799939 1.1621170099760796 0.0 0.5744091022334947 -0.5295770522741697
-1.0302632082402707 0.6394736904799939 1.1621170099760796 0.0 0.5744091022334947 -0.5295770522741697
-0.9236842776536943 0.6394736904799939 1.1621170099760796 0.0 0.5744091022334947 -0.5295770522741697
-0.9236842776536943 0.6394736904799939 1.1621170099760796 0.0 0.5744091022334947 -0.5295770522741697
-0.9236842776536943 0.6394736904799939 1.1621170099760796 0.0 0.5744091022334947 -0.5295770522741697
-0.9236842776536943 0.6394736904799939 1.1621170099760796 0.0 0.5744091022334947 -0.5295770522741697
-0.9236842776536943 0.6394736904799939 1.1621170099760796 0.0 0.5744091022334947 -0.5295770522741697
-0.9236842776536943 0.6394736904799939 1.1621170099760796 0.0 0.5744091022334947 -0.5295770522741697
-0.9236842776536943 0.6394736904799939 1.1202719659794647 0.0 0.5744091022334947 -0.5295770522741697
-0.9236842776536943 0.6394736904799939 1.07842692198285 0.0 0.5744091022334947 -0.5295770522741697
-0.9236842776536943 0.6394736904799939 1.0365818779862352 0.0 0.5744091022334947 -0.5295770522741697
-0.9236842776536943 0.6394736904799939 0.9947368339896203 0.0 0.5744091022334947 -0.5295770522741697
