-1.2403645387876678 -1.0280812530939922 0.8528677793613972 0.0 0.3282122654918902 0.7594115689108973
-1.267773404090751 -1.0280812530939922 0.8528677793613972 0.0 0.3282122654918902 0.7594115689108973
-1.295182269393834 -1.0280812530939922 0.8528677793613972 0.0 0.3282122654918902 0.7594115689108973
-1.322591134696917 -1.0280812530939922 0.8528677793613972 0.0 0.3282122654918902 0.7594115689108973
-1.35 -1.0280812530939922 0.8528677793613972 0.0 0.3282122654918902 0.7594115689108973
-1.35 -1.0280812530939922 0.8528677793613972 0.0 0.3282122654918902 0.7594115689108973
-1.35 -1.0280812530939922 0.8528677793613972 0.0 0.3282122654918902 0.7594115689108973
-1.35 -1.0280812530939922 0.8528677793613972 0.0 0.3282122654918902 0.7594115689108973
-1.35 -1.0280812530939922 0.8528677793613972 0.0 0.3282122654918902 0.7594115689108973
-1.35 -1.0280812530939922 0.8528677793613972 0.0 0.3282122654918902 0.7594115689108973
-1.35 -1.0730346459765097 0.8528677793613972 0.0 0.3282122654918902 0.7594115689108973
-1.35 -1.117988038859027 0.8528677793613972 0.0 0.3282122654918902 0.7594115689108973
-1.35 -1.1629414317415443 0.8528677793613972 0.0 0.3282122654918902 0.7594115689108973
-1.35 -1.2078948246240617 0.8528677793613972 0.0 0.3282122654918902 0.7594115689108973
-1.35 -1.2078948246240617 0.8528677793613972 0.0 0.3282122654918902 0.7594115689108973
-1.3144737061560154 -1.2078948246240617 0.8528677793613972 0.0 0.3282122654918902 0.7594115689108973
-1.2789474123120308 -1.2078948246240617 0.8528677793613972 0.0 0.3282122654918902 0.7594115689108973
-1.2434211184680464 -1.2078948246240617 0.8528677793613972 0.0 0.3282122654918902 0.7594115689108973
-1.2078948246240617 -1.2078948246240617 0.8528677793613972 0.0 0.3282122654918902 0.7594115689108973
-1.2078948246240617 -1.2078948246240617 0.8528677793613972 0.0 0.3282122654918902 0.7594115689108973
-1.2078948246240617 -1.2078948246240617 0.8528677793613972 0.0 0.3282122654918902 0.7594115689108973
-1.2078948246240617 -1.2078948246240617 0.8528677793613972 0.0 0.3282122654918902 0.7594115689108973
-1.2078948246240617 -1.2078948246240617 0.8528677793613972 0.0 0.3282122654918902 0.7594115689108973
-1.2078948246240617 -1.2078948246240617 0.8528677793613972 0.0 0.3282122654918902 0.7594115689108973
-1.2078948246240617 -1.2078948246240617 0.8528087246471571 0.0 0.3282122654918902 0.7594115689108973
-1.2078948246240617 -1.2078948246240617 0.8527496699329169 0.0 0.3282122654918902 0.7594115689108973
-1.2078948246240617 -1.2078948246240617 0.8526906152186768 0.0 0.3282122654918902 0.7594115689108973
-1.2078948246240617 -1.2078948246240617 0.8526315605044367 0.0 0.3282122654918902 0.7594115689108973
