-0.76582921662716 1.1317987590976855 1.148970349971845 0.0 0.47779881058188584 0.7530602076581177
-0.76582921662716 1.1317987590976855 1.148970349971845 0.0 0.47779881058188584 0.7530602076581177
-0.76582921662716 1.1317987590976855 1.148970349971845 0.0 0.47779881058188584 0.7530602076581177
-0.76582921662716 1.1317987590976855 1.148970349971845 0.0 0.47779881058188584 0.7530602076581177
-0.76582921662716 1.1317987590976855 1.148970349971845 0.0 0.47779881058188584 0.7530602076581177
-0.76582921662716 1.1863490693232641 1.148970349971845 0.0 0.47779881058188584 0.7530602076581177
-0.76582921662716 1.2408993795488428 1.148970349971845 0.0 0.47779881058188584 0.7530602076581177
-0.76582921662716 1.2954496897744214 1.148970349971845 0.0 0.47779881058188584 0.7530602076581177
-0.76582921662716 1.35 1.148970349971845 0.0 0.47779881058188584 0.7530602076581177
-0.76582921662716 1.35 1.148970349971845 0.0 0.47779881058188584 0.7530602076581177
-0.91187191247037 1.35 1.148970349971845 0.0 0.47779881058188584 0.7530602076581177
-1.05791460831358 1.35 1.148970349971845 0.0 0.47779881058188584 0.7530602076581177
-1.20395730415679 1.35 1.148970349971845 0.0 0.47779881058188584 0.7530602076581177
-1.35 1.35 1.148970349971845 0.0 0.47779881058188584 0.7530602076581177
-1.35 1.35 1.148970349971845 0.0 0.47779881058188584 0.7530602076581177
-1.35 1.35 1.148970349971845 0.0 0.47779881058188584 0.7530602076581177
-1.35 1.35 1.148970349971845 0.0 0.47779881058188584 0.7530602076581177
-1.35 1.35 1.148970349971845 0.0 0.47779881058188584 0.7530602076581177
-1.35 1.35 1.148970349971845 0.0 0.47779881058188584 0.7530602076581177
-1.35 0.746052632316947 1.148970349971845 0.0 0.47779881058188584 0.7530602076581177
-1.35 0.14210526463389384 1.148970349971845 0.0 0.47779881058188584 0.7530602076581177
-1.35 -0.4618421030491593 1.148970349971845 0.0 0.47779881058188584 0.7530602076581177
-1.35 -1.0657894707322122 1.148970349971845 0.0 0.47779881058188584 0.7530602076581177
-1.35 -1.0657894707322122 1.148970349971845 0.0 0.47779881058188584 0.7530602076581177
-1.3144737061560154 -1.0657894707322122 1.148970349971845 0.0 0.47779881058188584 0.7530602076581177
-1.2789474123120308 -1.0657894707322122 1.148970349971845 0.0 0.47779881058188584 0.7530602076581177
-1.2434211184680464 -1.0657894707322122 1.148970349971845 0.0 0.47779881058188584 0.7530602076581177
-1.2078948246240617 -1.0657894707322122 1.148970349971845 0.0 0.47779881058188584 0.7530602076581177
-1.2078948246240617 -1.0657894707322122 1.148970349971845 0.0 0.47779881058188584 0.7530602076581177
-1.2078948246240617 -1.0657894707322122 1.148970349971845 0.0 0.47779881058188584 0.7530602076581177
-1.2078948246240617 -1.0657894707322122 1.148970349971845 0.0 0.47779881058188584 0.7530602076581177
-1.2078948246240617 -1.0657894707322122 1.148970349971845 0.0 0.47779881058188584 0.7530602076581177
-1.2078948246240617 -1.0657894707322122 1.148970349971845 0.0 0.47779881058188584 0.7530602076581177
-1.2078948246240617 -1.0657894707322122 1.110411970976289 0.0 0.47779881058188584 0.7530602076581177
-1.2078948246240617 -1.0657894707322122 1.0718535919807328 0.0 0.47779881058188584 0.7530602076581177
-1.2078948246240617 -1.0657894707322122 1.0332952129851765 0.0 0.47779881058188584 0.7530602076581177
-1.2078948246240617 -1.0657894707322122 0.9947368339896203 0.0 0.47779881058188584 0.7530602076581177
