-1.3405528802979443 -1.0641470801709065 0.7592244189681158 0.0 0.4078107193717343 0.6990006475571076
-1.3429146602234583 -1.0641470801709065 0.7592244189681158 0.0 0.4078107193717343 0.6990006475571076
-1.345276440148972 -1.0641470801709065 0.7592244189681158 0.0 0.4078107193717343 0.6990006475571076
-1.347638220074486 -1.0641470801709065 0.7592244189681158 0.0 0.4078107193717343 0.6990006475571076
-1.35 -1.0641470801709065 0.7592244189681158 0.0 0.4078107193717343 0.6990006475571076
-1.35 -1.0641470801709065 0.7592244189681158 0.0 0.4078107193717343 0.6990006475571076
-1.35 -1.0641470801709065 0.7592244189681158 0.0 0.4078107193717343 0.6990006475571076
-1.35 -1.0641470801709065 0.7592244189681158 0.0 0.4078107193717343 0.6990006475571076
-1.35 -1.0641470801709065 0.7592244189681158 0.0 0.4078107193717343 0.6990006475571076
-1.35 -1.0641470801709065 0.7592244189681158 0.0 0.4078107193717343 0.6990006475571076
-1.35 -1.0627721874921001 0.7592244189681158 0.0 0.4078107193717343 0.6990006475571076
-1.35 -1.0613972948132937 0.7592244189681158 0.0 0.4078107193717343 0.6990006475571076
-1.35 -1.0600224021344875 0.7592244189681158 0.0 0.4078107193717343 0.6990006475571076
-1.35 -1.058647509455681 0.7592244189681158 0.0 0.4078107193717343 0.6990006475571076
-1.35 -1.058647509455681 0.7592244189681158 0.0 0.4078107193717343 0.6990006475571076
-1.3130353917181492 -1.058647509455681 0.7592244189681158 0.0 0.4078107193717343 0.6990006475571076
-1.2760707834362985 -1.058647509455681 0.7592244189681158 0.0 0.4078107193717343 0.6990006475571076
-1.2391061751544479 -1.058647509455681 0.7592244189681158 0.0 0.4078107193717343 0.6990006475571076
-1.202141566872597 -1.058647509455681 0.7592244189681158 0.0 0.4078107193717343 0.6990006475571076
-1.202141566872597 -1.058647509455681 0.7592244189681158 0.0 0.4078107193717343 0.6990006475571076
-1.202141566872597 -1.058647509455681 0.7592244189681158 0.0 0.4078107193717343 0.6990006475571076
-1.202141566872597 -1.058647509455681 0.7592244189681158 0.0 0.4078107193717343 0.6990006475571076
-1.202141566872597 -1.058647509455681 0.7592244189681158 0.0 0.4078107193717343 0.6990006475571076
-1.202141566872597 -1.058647509455681 0.7592244189681158 0.0 0.4078107193717343 0.6990006475571076
-1.202141566872597 -1.058647509455681 0.7942177829520065 0.0 0.4078107193717343 0.6990006475571076
-1.202141566872597 -1.058647509455681 0.8292111469358974 0.0 0.4078107193717343 0.6990006475571076
-1.202141566872597 -1.058647509455681 0.8642045109197882 0.0 0.4078107193717343 0.6990006475571076
-1.202141566872597 -1.058647509455681 0.899197874903679 0.0 0.4078107193717343 0.6990006475571076
