-1.1016464047666863 -0.7520599932936649 1.1643655266415174 0.0 0.6391534481212702 3.1141692423684497
-1.1637348035750148 -0.7520599932936649 1.1643655266415174 0.0 0.6391534481212702 3.1141692423684497
-1.225823202383343 -0.7520599932936649 1.1643655266415174 0.0 0.6391534481212702 3.1141692423684497
-1.2879116011916716 -0.7520599932936649 1.1643655266415174 0.0 0.6391534481212702 3.1141692423684497
-1.35 -0.7520599932936649 1.1643655266415174 0.0 0.6391534481212702 3.1141692423684497
-1.35 -0.7520599932936649 1.1643655266415174 0.0 0.6391534481212702 3.1141692423684497
-1.35 -0.7520599932936649 1.1643655266415174 0.0 0.6391534481212702 3.1141692423684497
-1.35 -0.7520599932936649 1.1643655266415174 0.0 0.6391534481212702 3.1141692423684497
-1.35 -0.7520599932936649 1.1643655266415174 0.0 0.6391534481212702 3.1141692423684497
-1.35 -0.7520599932936649 1.1643655266415174 0.0 0.6391534481212702 3.1141692423684497
-1.35 -0.9015449949702488 1.1643655266415174 0.0 0.6391534481212702 3.1141692423684497
-1.35 -1.0510299966468324 1.1643655266415174 0.0 0.6391534481212702 3.1141692423684497
-1.35 -1.2005149983234162 1.1643655266415174 0.0 0.6391534481212702 3.1141692423684497
-1.35 -1.35 1.1643655266415174 0.0 0.6391534481212702 3.1141692423684497
-1.35 -1.35 1.1643655266415174 0.0 0.6391534481212702 3.1141692423684497
-0.675 -1.35 1.1643655266415174 0.0 0.6391534481212702 3.1141692423684497
0.0 -1.35 1.1643655266415174 0.0 0.6391534481212702 3.1141692423684497
0.6750000000000003 -1.35 1.1643655266415174 0.0 0.6391534481212702 3.1141692423684497
1.35 -1.35 1.1643655266415174 0.0 0.6391534481212702 3.1141692423684497
1.35 -1.0302631566729397 1.1643655266415174 0.0 0.6391534481212702 3.1141692423684497
1.35 -0.7105263133458793 1.1643655266415174 0.0 0.6391534481212702 3.1141692423684497
1.35 -0.39078947001881903 1.1643655266415174 0.0 0.6391534481212702 3.1141692423684497
1.35 -0.07105262669175864 1.1643655266415174 0.0 0.6391534481212702 3.1141692423684497
1.35 -0.07105262669175864 1.1643655266415174 0.0 0.6391534481212702 3.1141692423684497
1.3144737061560154 -0.07105262669175864 1.1643655266415174 0.0 0.6391534481212702 3.1141692423684497
1.2789474123120308 -0.07105262669175864 1.1643655266415174 0.0 0.6391534481212702 3.1141692423684497
1.2434211184680464 -0.07105262669175864 1.1643655266415174 0.0 0.6391534481212702 3.1141692423684497
1.2078948246240617 -0.07105262669175864 1.1643655266415174 0.0 0.6391534481212702 3.1141692423684497
1.2078948246240617 -0.07105262669175864 1.1643655266415174 0.0 0.6391534481212702 3.1141692423684497
1.2078948246240617 -0.07105262669175864 1.1643655266415174 0.0 0.6391534481212702 3.1141692423684497
1.2078948246240617 -0.07105262669175864 1.1643655266415174 0.0 0.6391534481212702 3.1141692423684497
1.2078948246240617 -0.07105262669175864 1.1643655266415174 0.0 0.6391534481212702 3.1141692423684497
1.2078948246240617 -0.07105262669175864 1.1643655266415174 0.0 0.6391534481212702 3.1141692423684497
1.2078948246240617 -0.07105262669175864 1.193010990221135 0.0 0.6391534481212702 3.1141692423684497
1.2078948246240617 -0.07105262669175864 1.2216564538007526 0.0 0.6391534481212702 3.1141692423684497
1.2078948246240617 -0.07105262669175864 1.2503019173803702 0.0 0.6391534481212702 3.1141692423684497
1.2078948246240617 -0.07105262669175864 1.2789473809599878 0.0 0.6391534481212702 3.1141692423684497
