-1.1971503114260058 -1.0536930161442466 1.0431874857033814 0.0 0.8082469903554296 -1.1689188608566916
-1.2353627335695043 -1.0536930161442466 1.0431874857033814 0.0 0.8082469903554296 -1.1689188608566916
-1.273575155713003 -1.0536930161442466 1.0431874857033814 0.0 0.8082469903554296 -1.1689188608566916
-1.3117875778565016 -1.0536930161442466 1.0431874857033814 0.0 0.8082469903554296 -1.1689188608566916
-1.35 -1.0536930161442466 1.0431874857033814 0.0 0.8082469903554296 -1.1689188608566916
-1.35 -1.0536930161442466 1.0431874857033814 0.0 0.8082469903554296 -1.1689188608566916
-1.35 -1.0536930161442466 1.0431874857033814 0.0 0.8082469903554296 -1.1689188608566916
-1.35 -1.0536930161442466 1.0431874857033814 0.0 0.8082469903554296 -1.1689188608566916
-1.35 -1.0536930161442466 1.0431874857033814 0.0 0.8082469903554296 -1.1689188608566916
-1.35 -1.0536930161442466 1.0431874857033814 0.0 0.8082469903554296 -1.1689188608566916
-1.35 -0.452769762108185 1.0431874857033814 0.0 0.8082469903554296 -1.1689188608566916
-1.35 0.14815349192787663 1.0431874857033814 0.0 0.8082469903554296 -1.1689188608566916
-1.35 0.7490767459639383 1.0431874857033814 0.0 0.8082469903554296 -1.1689188608566916
-1.35 1.35 1.0431874857033814 0.0 0.8082469903554296 -1.1689188608566916
-1.35 1.35 1.0431874857033814 0.0 0.8082469903554296 -1.1689188608566916
-1.2078947510421276 1.35 1.0431874857033814 0.0 0.8082469903554296 -1.1689188608566916
-1.0657895020842554 1.35 1.0431874857033814 0.0 0.8082469903554296 -1.1689188608566916
-0.9236842531263829 1.35 1.0431874857033814 0.0 0.8082469903554296 -1.1689188608566916
-0.7815790041685106 1.35 1.0431874857033814 0.0 0.8082469903554296 -1.1689188608566916
-0.7815790041685106 1.35 1.0431874857033814 0.0 0.8082469903554296 -1.1689188608566916
-0.7815790041685106 1.35 1.0431874857033814 0.0 0.8082469903554296 -1.1689188608566916
-0.7815790041685106 1.35 1.0431874857033814 0.0 0.8082469903554296 -1.1689188608566916
-0.7815790041685106 1.35 1.0431874857033814 0.0 0.8082469903554296 -1.1689188608566916
-0.7815790041685106 1.35 1.0431874857033814 0.0 0.8082469903554296 -1.1689188608566916
-0.7815790041685106 1.3144737061560154 1.0431874857033814 0.0 0.8082469903554296 -1.1689188608566916
-0.7815790041685106 1.2789474123120308 1.0431874857033814 0.0 0.8082469903554296 -1.1689188608566916
-0.7815790041685106 1.2434211184680464 1.0431874857033814 0.0 0.8082469903554296 -1.1689188608566916
-0.7815790041685106 1.2078948246240617 1.0431874857033814 0.0 0.8082469903554296 -1.1689188608566916
-0.7815790041685106 1.2078948246240617 1.0431874857033814 0.0 0.8082469903554296 -1.1689188608566916
-0.7815790041685106 1.2078948246240617 1.0431874857033814 0.0 0.8082469903554296 -1.1689188608566916
-0.7815790041685106 1.2078948246240617 1.0431874857033814 0.0 0.8082469903554296 -1.1689188608566916
-0.7815790041685106 1.2078948246240617 1.0431874857033814 0.0 0.8082469903554296 -1.1689188608566916
-0.7815790041685106 1.2078948246240617 1.0431874857033814 0.0 0.8082469903554296 -1.1689188608566916
-0.7815790041685106 1.2078948246240617 1.1731801163617912 0.0 0.8082469903554296 -1.1689188608566916
-0.7815790041685106 1.2078948246240617 1.3031727470202012 0.0 0.8082469903554296 -1.1689188608566916
-0.7815790041685106 1.2078948246240617 1.4331653776786113 0.0 0.8082469903554296 -1.1689188608566916
-0.7815790041685106 1.2078948246240617 1.5631580083370211 0.0 0.8082469903554296 -1.1689188608566916
