-1.0766913928682202 -1.1475369924459107 0.7639063220057845 0.0 0.42185461779256944 0.7624145627375114
-1.0766913928682202 -1.1475369924459107 0.7639063220057845 0.0 0.42185461779256944 0.7624145627375114
-1.0766913928682202 -1.1475369924459107 0.7639063220057845 0.0 0.42185461779256944 0.7624145627375114
-1.0766913928682202 -1.1475369924459107 0.7639063220057845 0.0 0.42185461779256944 0.7624145627375114
-1.0766913928682202 -1.1475369924459107 0.7639063220057845 0.0 0.42185461779256944 0.7624145627375114
-1.0766913928682202 -1.198152744334433 0.7639063220057845 0.0 0.42185461779256944 0.7624145627375114
-1.0766913928682202 -1.2487684962229553 0.7639063220057845 0.0 0.42185461779256944 0.7624145627375114
-1.0766913928682202 -1.2993842481114777 0.7639063220057845 0.0 0.42185461779256944 0.7624145627375114
-1.0766913928682202 -1.35 0.7639063220057845 0.0 0.42185461779256944 0.7624145627375114
-1.0766913928682202 -1.35 0.7639063220057845 0.0 0.42185461779256944 0.7624145627375114
-1.1450185446511651 -1.35 0.7639063220057845 0.0 0.42185461779256944 0.7624145627375114
-1.2133456964341103 -1.35 0.7639063220057845 0.0 0.42185461779256944 0.7624145627375114
-1.2816728482170552 -1.35 0.7639063220057845 0.0 0.42185461779256944 0.7624145627375114
-1.35 -1.35 0.7639063220057845 0.0 0.42185461779256944 0.7624145627375114
-1.35 -1.35 0.7639063220057845 0.0 0.42185461779256944 0.7624145627375114
-1.35 -1.35 0.7639063220057845 0.0 0.42185461779256944 0.7624145627375114
-1.35 -1.35 0.7639063220057845 0.0 0.42185461779256944 0.7624145627375114
-1.35 -1.35 0.7639063220057845 0.0 0.42185461779256944 0.7624145627375114
-1.35 -1.35 0.7639063220057845 0.0 0.42185461779256944 0.7624145627375114
-1.35 -1.2789473676830532 0.7639063220057845 0.0 0.42185461779256944 0.7624145627375114
-1.35 -1.2078947353661063 0.7639063220057845 0.0 0.42185461779256944 0.7624145627375114
-1.35 -1.1368421030491591 0.7639063220057845 0.0 0.42185461779256944 0.7624145627375114
-1.35 -1.0657894707322122 0.7639063220057845 0.0 0.42185461779256944 0.7624145627375114
-1.35 -1.0657894707322122 0.7639063220057845 0.0 0.42185461779256944 0.7624145627375114
-1.3144737061560154 -1.0657894707322122 0.7639063220057845 0.0 0.42185461779256944 0.7624145627375114
-1.2789474123120308 -1.0657894707322122 0.7639063220057845 0.0 0.42185461779256944 0.7624145627375114
-1.2434211184680464 -1.0657894707322122 0.7639063220057845 0.0 0.42185461779256944 0.7624145627375114
-1.2078948246240617 -1.0657894707322122 0.7639063220057845 0.0 0.42185461779256944 0.7624145627375114
-1.2078948246240617 -1.0657894707322122 0.7639063220057845 0.0 0.42185461779256944 0.7624145627375114
-1.2078948246240617 -1.0657894707322122 0.7639063220057845 0.0 0.42185461779256944 0.7624145627375114
-1.2078948246240617 -1.0657894707322122 0.7639063220057845 0.0 0.42185461779256944 0.7624145627375114
-1.2078948246240617 -1.0657894707322122 0.7639063220057845 0.0 0.42185461779256944 0.7624145627375114
-1.2078948246240617 -1.0657894707322122 0.7639063220057845 0.0 0.42185461779256944 0.7624145627375114
-1.2078948246240617 -1.0657894707322122 0.8216139500017434 0.0 0.42185461779256944 0.7624145627375114
-1.2078948246240617 -1.0657894707322122 0.8793215779977024 0.0 0.42185461779256944 0.7624145627375114
-1.2078948246240617 -1.0657894707322122 0.9370292059936614 0.0 0.42185461779256944 0.7624145627375114
-1.2078948246240617 -1.0657894707322122 0.9947368339896203 0.0 0.42185461779256944 0.7624145627375114
