-1.2174660955866021 -1.1162382240517859 0.793849237739287 0.0 0.29062921217707455 0.7140574288087745
-1.2505995716899516 -1.1162382240517859 0.793849237739287 0.0 0.29062921217707455 0.7140574288087745
-1.283733047793301 -1.1162382240517859 0.793849237739287 0.0 0.29062921217707455 0.7140574288087745
-1.3168665238966506 -1.1162382240517859 0.793849237739287 0.0 0.29062921217707455 0.7140574288087745
-1.35 -1.1162382240517859 0.793849237739287 0.0 0.29062921217707455 0.7140574288087745
-1.35 -1.1162382240517859 0.793849237739287 0.0 0.29062921217707455 0.7140574288087745
-1.35 -1.1162382240517859 0.793849237739287 0.0 0.29062921217707455 0.7140574288087745
-1.35 -1.1162382240517859 0.793849237739287 0.0 0.29062921217707455 0.7140574288087745
-1.35 -1.1162382240517859 0.793849237739287 0.0 0.29062921217707455 0.7140574288087745
-1.35 -1.1162382240517859 0.793849237739287 0.0 0.29062921217707455 0.7140574288087745
-1.35 -1.1036260357218923 0.793849237739287 0.0 0.29062921217707455 0.7140574288087745
-1.35 -1.091013847391999 0.793849237739287 0.0 0.29062921217707455 0.7140574288087745
-1.35 -1.0784016590621057 0.793849237739287 0.0 0.29062921217707455 0.7140574288087745
-1.35 -1.0657894707322122 0.793849237739287 0.0 0.29062921217707455 0.7140574288087745
-1.35 -1.0657894707322122 0.793849237739287 0.0 0.29062921217707455 0.7140574288087745
-1.2789473676830532 -1.0657894707322122 0.793849237739287 0.0 0.29062921217707455 0.7140574288087745
-1.2078947353661063 -1.0657894707322122 0.793849237739287 0.0 0.29062921217707455 0.7140574288087745
-1.1368421030491591 -1.0657894707322122 0.793849237739287 0.0 0.29062921217707455 0.7140574288087745
-1.0657894707322122 -1.0657894707322122 0.793849237739287 0.0 0.29062921217707455 0.7140574288087745
-1.0657894707322122 -1.0657894707322122 0.793849237739287 0.0 0.29062921217707455 0.7140574288087745
-1.0657894707322122 -1.0657894707322122 0.793849237739287 0.0 0.29062921217707455 0.7140574288087745
-1.0657894707322122 -1.0657894707322122 0.793849237739287 0.0 0.29062921217707455 0.7140574288087745
-1.0657894707322122 -1.0657894707322122 0.793849237739287 0.0 0.29062921217707455 0.7140574288087745
-1.0657894707322122 -1.0657894707322122 0.793849237739287 0.0 0.29062921217707455 0.7140574288087745
-1.0657894707322122 -1.0657894707322122 0.7730185201609449 0.0 0.29062921217707455 0.7140574288087745
-1.0657894707322122 -1.0657894707322122 0.7521878025826028 0.0 0.29062921217707455 0.7140574288087745
-1.0657894707322122 -1.0657894707322122 0.7313570850042608 0.0 0.29062921217707455 0.7140574288087745
-1.0657894707322122 -1.0657894707322122 0.7105263674259187 0.0 0.29062921217707455 0.7140574288087745
