-1.0423229062617356 -1.0223462014799471 0.7278968095481828 0.0 0.2541491044360139 0.6429344660035748
-1.1192421796963017 -1.0223462014799471 0.7278968095481828 0.0 0.2541491044360139 0.6429344660035748
-1.196161453130868 -1.0223462014799471 0.7278968095481828 0.0 0.2541491044360139 0.6429344660035748
-1.273080726565434 -1.0223462014799471 0.7278968095481828 0.0 0.2541491044360139 0.6429344660035748
-1.35 -1.0223462014799471 0.7278968095481828 0.0 0.2541491044360139 0.6429344660035748
-1.35 -1.0223462014799471 0.7278968095481828 0.0 0.2541491044360139 0.6429344660035748
-1.35 -1.0223462014799471 0.7278968095481828 0.0 0.2541491044360139 0.6429344660035748
-1.35 -1.0223462014799471 0.7278968095481828 0.0 0.2541491044360139 0.6429344660035748
-1.35 -1.0223462014799471 0.7278968095481828 0.0 0.2541491044360139 0.6429344660035748
-1.35 -1.0223462014799471 0.7278968095481828 0.0 0.2541491044360139 0.6429344660035748
-1.35 -1.0332070187930134 0.7278968095481828 0.0 0.2541491044360139 0.6429344660035748
-1.35 -1.0440678361060796 0.7278968095481828 0.0 0.2541491044360139 0.6429344660035748
-1.35 -1.054928653419146 0.7278968095481828 0.0 0.2541491044360139 0.6429344660035748
-1.35 -1.0657894707322122 0.7278968095481828 0.0 0.2541491044360139 0.6429344660035748
-1.35 -1.0657894707322122 0.7278968095481828 0.0 0.2541491044360139 0.6429344660035748
-1.3497500000000002 -1.0657894707322122 0.7278968095481828 0.0 0.2541491044360139 0.6429344660035748
-1.3495000000000001 -1.0657894707322122 0.7278968095481828 0.0 0.2541491044360139 0.6429344660035748
-1.34925 -1.0657894707322122 0.7278968095481828 0.0 0.2541491044360139 0.6429344660035748
-1.3490000000000002 -1.0657894707322122 0.7278968095481828 0.0 0.2541491044360139 0.6429344660035748
-1.3490000000000002 -1.0657894707322122 0.7278968095481828 0.0 0.2541491044360139 0.6429344660035748
-1.3490000000000002 -1.0657894707322122 0.7278968095481828 0.0 0.2541491044360139 0.6429344660035748
-1.3490000000000002 -1.0657894707322122 0.7278968095481828 0.0 0.2541491044360139 0.6429344660035748
-1.3490000000000002 -1.0657894707322122 0.7278968095481828 0.0 0.2541491044360139 0.6429344660035748
-1.3490000000000002 -1.0657894707322122 0.7278968095481828 0.0 0.2541491044360139 0.6429344660035748
-1.3490000000000002 -1.0657894707322122 0.7235541990176168 0.0 0.2541491044360139 0.6429344660035748
-1.3490000000000002 -1.0657894707322122 0.7192115884870507 0.0 0.2541491044360139 0.6429344660035748
-1.3490000000000002 -1.0657894707322122 0.7148689779564847 0.0 0.2541491044360139 0.6429344660035748
-1.3490000000000002 -1.0657894707322122 0.7105263674259187 0.0 0.2541491044360139 0.6429344660035748
