-1.1570452231847583 -1.036076188189532 0.7774737362323756 0.0 0.3632635051050447 0.867899349177182
-1.2052839173885688 -1.036076188189532 0.7774737362323756 0.0 0.3632635051050447 0.867899349177182
-1.2535226115923792 -1.036076188189532 0.7774737362323756 0.0 0.3632635051050447 0.867899349177182
-1.3017613057961896 -1.036076188189532 0.7774737362323756 0.0 0.3632635051050447 0.867899349177182
-1.35 -1.036076188189532 0.7774737362323756 0.0 0.3632635051050447 0.867899349177182
-1.35 -1.036076188189532 0.7774737362323756 0.0 0.3632635051050447 0.867899349177182
-1.35 -1.036076188189532 0.7774737362323756 0.0 0.3632635051050447 0.867899349177182
-1.35 -1.036076188189532 0.7774737362323756 0.0 0.3632635051050447 0.867899349177182
-1.35 -1.036076188189532 0.7774737362323756 0.0 0.3632635051050447 0.867899349177182
-1.35 -1.036076188189532 0.7774737362323756 0.0 0.3632635051050447 0.867899349177182
-1.35 -1.114557141142149 0.7774737362323756 0.0 0.3632635051050447 0.867899349177182
-1.35 -1.193038094094766 0.7774737362323756 0.0 0.3632635051050447 0.867899349177182
-1.35 -1.271519047047383 0.7774737362323756 0.0 0.3632635051050447 0.867899349177182
-1.35 -1.35 0.7774737362323756 0.0 0.3632635051050447 0.867899349177182
-1.35 -1.35 0.7774737362323756 0.0 0.3632635051050447 0.867899349177182
-1.274757959276438 -1.35 0.7774737362323756 0.0 0.3632635051050447 0.867899349177182
-1.1995159185528756 -1.35 0.7774737362323756 0.0 0.3632635051050447 0.867899349177182
-1.1242738778293133 -1.35 0.7774737362323756 0.0 0.3632635051050447 0.867899349177182
-1.0490318371057512 -1.35 0.7774737362323756 0.0 0.3632635051050447 0.867899349177182
-1.0490318371057512 -1.35 0.7774737362323756 0.0 0.3632635051050447 0.867899349177182
-1.0490318371057512 -1.35 0.7774737362323756 0.0 0.3632635051050447 0.867899349177182
-1.0490318371057512 -1.35 0.7774737362323756 0.0 0.3632635051050447 0.867899349177182
-1.0490318371057512 -1.35 0.7774737362323756 0.0 0.3632635051050447 0.867899349177182
-1.0490318371057512 -1.35 0.7774737362323756 0.0 0.3632635051050447 0.867899349177182
-1.0490318371057512 -1.3032767563164236 0.7774737362323756 0.0 0.3632635051050447 0.867899349177182
-1.0490318371057512 -1.256553512632847 0.7774737362323756 0.0 0.3632635051050447 0.867899349177182
-1.0490318371057512 -1.2098302689492704 0.7774737362323756 0.0 0.3632635051050447 0.867899349177182
-1.0490318371057512 -1.1631070252656939 0.7774737362323756 0.0 0.3632635051050447 0.867899349177182
-1.0490318371057512 -1.1631070252656939 0.7774737362323756 0.0 0.3632635051050447 0.867899349177182
-1.0490318371057512 -1.1631070252656939 0.7774737362323756 0.0 0.3632635051050447 0.867899349177182
-1.0490318371057512 -1.1631070252656939 0.7774737362323756 0.0 0.3632635051050447 0.867899349177182
-1.0490318371057512 -1.1631070252656939 0.7774737362323756 0.0 0.3632635051050447 0.867899349177182
-1.0490318371057512 -1.1631070252656939 0.7774737362323756 0.0 0.3632635051050447 0.867899349177182
-1.0490318371057512 -1.1631070252656939 0.8019007448597666 0.0 0.3632635051050447 0.867899349177182
-1.0490318371057512 -1.1631070252656939 0.8263277534871576 0.0 0.3632635051050447 0.867899349177182
-1.0490318371057512 -1.1631070252656939 0.8507547621145487 0.0 0.3632635051050447 0.867899349177182
-1.0490318371057512 -1.1631070252656939 0.8751817707419397 0.0 0.3632635051050447 0.867899349177182
