-1.1451912087885108 -1.0113867910421066 0.8727301079255353 0.0 0.3766021226412819 0.6726716503189384
-1.196393406591383 -1.0113867910421066 0.8727301079255353 0.0 0.3766021226412819 0.6726716503189384
-1.2475956043942555 -1.0113867910421066 0.8727301079255353 0.0 0.3766021226412819 0.6726716503189384
-1.2987978021971278 -1.0113867910421066 0.8727301079255353 0.0 0.3766021226412819 0.6726716503189384
-1.35 -1.0113867910421066 0.8727301079255353 0.0 0.3766021226412819 0.6726716503189384
-1.35 -1.0113867910421066 0.8727301079255353 0.0 0.3766021226412819 0.6726716503189384
-1.35 -1.0113867910421066 0.8727301079255353 0.0 0.3766021226412819 0.6726716503189384
-1.35 -1.0113867910421066 0.8727301079255353 0.0 0.3766021226412819 0.6726716503189384
-1.35 -1.0113867910421066 0.8727301079255353 0.0 0.3766021226412819 0.6726716503189384
-1.35 -1.0113867910421066 0.8727301079255353 0.0 0.3766021226412819 0.6726716503189384
-1.35 -1.0053511882957946 0.8727301079255353 0.0 0.3766021226412819 0.6726716503189384
-1.35 -0.9993155855494824 0.8727301079255353 0.0 0.3766021226412819 0.6726716503189384
-1.35 -0.9932799828031703 0.8727301079255353 0.0 0.3766021226412819 0.6726716503189384
-1.35 -0.9872443800568582 0.8727301079255353 0.0 0.3766021226412819 0.6726716503189384
-1.35 -0.9872443800568582 0.8727301079255353 0.0 0.3766021226412819 0.6726716503189384
-1.3497500000000002 -0.9872443800568582 0.8727301079255353 0.0 0.3766021226412819 0.6726716503189384
-1.3495000000000001 -0.9872443800568582 0.8727301079255353 0.0 0.3766021226412819 0.6726716503189384
-1.34925 -0.9872443800568582 0.8727301079255353 0.0 0.3766021226412819 0.6726716503189384
-1.3490000000000002 -0.9872443800568582 0.8727301079255353 0.0 0.3766021226412819 0.6726716503189384
-1.3490000000000002 -0.9872443800568582 0.8727301079255353 0.0 0.3766021226412819 0.6726716503189384
-1.3490000000000002 -0.9872443800568582 0.8727301079255353 0.0 0.3766021226412819 0.6726716503189384
-1.3490000000000002 -0.9872443800568582 0.8727301079255353 0.0 0.3766021226412819 0.6726716503189384
-1.3490000000000002 -0.9872443800568582 0.8727301079255353 0.0 0.3766021226412819 0.6726716503189384
-1.3490000000000002 -0.9872443800568582 0.8727301079255353 0.0 0.3766021226412819 0.6726716503189384
-1.3490000000000002 -0.9872443800568582 0.8876002310679861 0.0 0.3766021226412819 0.6726716503189384
-1.3490000000000002 -0.9872443800568582 0.9024703542104369 0.0 0.3766021226412819 0.6726716503189384
-1.3490000000000002 -0.9872443800568582 0.9173404773528877 0.0 0.3766021226412819 0.6726716503189384
-1.3490000000000002 -0.9872443800568582 0.9322106004953385 0.0 0.3766021226412819 0.6726716503189384
