-1.1674171631470949 -0.7652464061002225 1.0183991429963324 0.0 0.2527987988717843 0.7640666862458336
-1.2130628723603212 -0.7652464061002225 1.0183991429963324 0.0 0.2527987988717843 0.7640666862458336
-1.2587085815735475 -0.7652464061002225 1.0183991429963324 0.0 0.2527987988717843 0.7640666862458336
-1.3043542907867738 -0.7652464061002225 1.0183991429963324 0.0 0.2527987988717843 0.7640666862458336
-1.35 -0.7652464061002225 1.0183991429963324 0.0 0.2527987988717843 0.7640666862458336
-1.35 -0.7652464061002225 1.0183991429963324 0.0 0.2527987988717843 0.7640666862458336
-1.35 -0.7652464061002225 1.0183991429963324 0.0 0.2527987988717843 0.7640666862458336
-1.35 -0.7652464061002225 1.0183991429963324 0.0 0.2527987988717843 0.7640666862458336
-1.35 -0.7652464061002225 1.0183991429963324 0.0 0.2527987988717843 0.7640666862458336
-1.35 -0.7652464061002225 1.0183991429963324 0.0 0.2527987988717843 0.7640666862458336
-1.35 -0.84038217225822 1.0183991429963324 0.0 0.2527987988717843 0.7640666862458336
-1.35 -0.9155179384162173 1.0183991429963324 0.0 0.2527987988717843 0.7640666862458336
-1.35 -0.9906537045742148 1.0183991429963324 0.0 0.2527987988717843 0.7640666862458336
-1.35 -1.0657894707322122 1.0183991429963324 0.0 0.2527987988717843 0.7640666862458336
-1.35 -1.0657894707322122 1.0183991429963324 0.0 0.2527987988717843 0.7640666862458336
-1.3497500000000002 -1.0657894707322122 1.0183991429963324 0.0 0.2527987988717843 0.7640666862458336
-1.3495000000000001 -1.0657894707322122 1.0183991429963324 0.0 0.2527987988717843 0.7640666862458336
-1.34925 -1.0657894707322122 1.0183991429963324 0.0 0.2527987988717843 0.7640666862458336
-1.3490000000000002 -1.0657894707322122 1.0183991429963324 0.0 0.2527987988717843 0.7640666862458336
-1.3490000000000002 -1.0657894707322122 1.0183991429963324 0.0 0.2527987988717843 0.7640666862458336
-1.3490000000000002 -1.0657894707322122 1.0183991429963324 0.0 0.2527987988717843 0.7640666862458336
-1.3490000000000002 -1.0657894707322122 1.0183991429963324 0.0 0.2527987988717843 0.7640666862458336
-1.3490000000000002 -1.0657894707322122 1.0183991429963324 0.0 0.2527987988717843 0.7640666862458336
-1.3490000000000002 -1.0657894707322122 1.0183991429963324 0.0 0.2527987988717843 0.7640666862458336
-1.3490000000000002 -1.0657894707322122 0.9414309491037289 0.0 0.2527987988717843 0.7640666862458336
-1.3490000000000002 -1.0657894707322122 0.8644627552111255 0.0 0.2527987988717843 0.7640666862458336
-1.3490000000000002 -1.0657894707322122 0.7874945613185221 0.0 0.2527987988717843 0.7640666862458336
-1.3490000000000002 -1.0657894707322122 0.7105263674259187 0.0 0.2527987988717843 0.7640666862458336
