-0.6585562890561278 1.174774243118804 1.5121503869411845 0.0 0.46756264439999073 0.5465929729003491
-0.6585562890561278 1.174774243118804 1.5121503869411845 0.0 0.46756264439999073 0.5465929729003491
-0.6585562890561278 1.174774243118804 1.5121503869411845 0.0 0.46756264439999073 0.5465929729003491
-0.6585562890561278 1.174774243118804 1.5121503869411845 0.0 0.46756264439999073 0.5465929729003491
-0.6585562890561278 1.174774243118804 1.5121503869411845 0.0 0.46756264439999073 0.5465929729003491
-0.6585562890561278 1.218580682339103 1.5121503869411845 0.0 0.46756264439999073 0.5465929729003491
-0.6585562890561278 1.262387121559402 1.5121503869411845 0.0 0.46756264439999073 0.5465929729003491
-0.6585562890561278 1.306193560779701 1.5121503869411845 0.0 0.46756264439999073 0.5465929729003491
-0.6585562890561278 1.35 1.5121503869411845 0.0 0.46756264439999073 0.5465929729003491
-0.6585562890561278 1.35 1.5121503869411845 0.0 0.46756264439999073 0.5465929729003491
-0.8314172167920959 1.35 1.5121503869411845 0.0 0.46756264439999073 0.5465929729003491
-1.004278144528064 1.35 1.5121503869411845 0.0 0.46756264439999073 0.5465929729003491
-1.177139072264032 1.35 1.5121503869411845 0.0 0.46756264439999073 0.5465929729003491
-1.35 1.35 1.5121503869411845 0.0 0.46756264439999073 0.5465929729003491
-1.35 1.35 1.5121503869411845 0.0 0.46756264439999073 0.5465929729003491
-1.35 1.35 1.5121503869411845 0.0 0.46756264439999073 0.5465929729003491
-1.35 1.35 1.5121503869411845 0.0 0.46756264439999073 0.5465929729003491
-1.35 1.35 1.5121503869411845 0.0 0.46756264439999073 0.5465929729003491
-1.35 1.35 1.5121503869411845 0.0 0.46756264439999073 0.5465929729003491
-1.35 0.8171052489578724 1.5121503869411845 0.0 0.46756264439999073 0.5465929729003491
-1.35 0.2842104979157447 1.5121503869411845 0.0 0.46756264439999073 0.5465929729003491
-1.35 -0.24868425312638287 1.5121503869411845 0.0 0.46756264439999073 0.5465929729003491
-1.35 -0.7815790041685106 1.5121503869411845 0.0 0.46756264439999073 0.5465929729003491
-1.35 -0.7815790041685106 1.5121503869411845 0.0 0.46756264439999073 0.5465929729003491
-1.3144737061560154 -0.7815790041685106 1.5121503869411845 0.0 0.46756264439999073 0.5465929729003491
-1.2789474123120308 -0.7815790041685106 1.5121503869411845 0.0 0.46756264439999073 0.5465929729003491
-1.2434211184680464 -0.7815790041685106 1.5121503869411845 0.0 0.46756264439999073 0.5465929729003491
-1.2078948246240617 -0.7815790041685106 1.5121503869411845 0.0 0.46756264439999073 0.5465929729003491
-1.2078948246240617 -0.7815790041685106 1.5121503869411845 0.0 0.46756264439999073 0.5465929729003491
-1.2078948246240617 -0.7815790041685106 1.5121503869411845 0.0 0.46756264439999073 0.5465929729003491
-1.2078948246240617 -0.7815790041685106 1.5121503869411845 0.0 0.46756264439999073 0.5465929729003491
-1.2078948246240617 -0.7815790041685106 1.5121503869411845 0.0 0.46756264439999073 0.5465929729003491
-1.2078948246240617 -0.7815790041685106 1.5121503869411845 0.0 0.46756264439999073 0.5465929729003491
-1.2078948246240617 -0.7815790041685106 1.3827969987032935 0.0 0.46756264439999073 0.5465929729003491
-1.2078948246240617 -0.7815790041685106 1.2534436104654025 0.0 0.46756264439999073 0.5465929729003491
-1.2078948246240617 -0.7815790041685106 1.1240902222275113 0.0 0.46756264439999073 0.5465929729003491
-1.2078948246240617 -0.7815790041685106 0.9947368339896203 0.0 0.46756264439999073 0.5465929729003491
